0	1
0.0004	0.998003
0.0008	0.99601
0.0012	0.994024
0.0016	0.992042
0.002	0.990065
0.0024	0.988093
0.0028	0.986127
0.0032	0.984166
0.0036	0.982209
0.004	0.980258
0.0044	0.978312
0.0048	0.976371
0.0052	0.974435
0.0056	0.972504
0.006	0.970578
0.0064	0.968657
0.0068	0.96674
0.0072	0.964829
0.0076	0.962923
0.008	0.961022
0.0084	0.959126
0.0088	0.957234
0.0092	0.955348
0.0096	0.953466
0.01	0.951589
0.0104	0.949717
0.0108	0.94785
0.0112	0.945988
0.0116	0.94413
0.012	0.942277
0.0124	0.940429
0.0128	0.938586
0.0132	0.936748
0.0136	0.934914
0.014	0.933085
0.0144	0.93126
0.0148	0.929441
0.0152	0.927625
0.0156	0.925815
0.016	0.924009
0.0164	0.922208
0.0168	0.920412
0.0172	0.91862
0.0176	0.916833
0.018	0.91505
0.0184	0.913272
0.0188	0.911498
0.0192	0.909729
0.0196	0.907964
0.02	0.906204
0.0204	0.904449
0.0208	0.902698
0.0212	0.900951
0.0216	0.899209
0.022	0.897471
0.0224	0.895738
0.0228	0.894009
0.0232	0.892285
0.0236	0.890565
0.024	0.888849
0.0244	0.887137
0.0248	0.88543
0.0252	0.883728
0.0256	0.882029
0.026	0.880336
0.0264	0.878646
0.0268	0.87696
0.0272	0.875279
0.0276	0.873602
0.028	0.87193
0.0284	0.870261
0.0288	0.868597
0.0292	0.866937
0.0296	0.865281
0.03	0.86363
0.0304	0.861982
0.0308	0.860339
0.0312	0.8587
0.0316	0.857065
0.032	0.855434
0.0324	0.853808
0.0328	0.852185
0.0332	0.850567
0.0336	0.848952
0.034	0.847342
0.0344	0.845735
0.0348	0.844133
0.0352	0.842535
0.0356	0.840941
0.036	0.839351
0.0364	0.837765
0.0368	0.836182
0.0372	0.834604
0.0376	0.83303
0.038	0.83146
0.0384	0.829893
0.0388	0.828331
0.0392	0.826772
0.0396	0.825218
0.04	0.823667
0.0404	0.82212
0.0408	0.820577
0.0412	0.819038
0.0416	0.817503
0.042	0.815971
0.0424	0.814444
0.0428	0.81292
0.0432	0.8114
0.0436	0.809884
0.044	0.808372
0.0444	0.806863
0.0448	0.805358
0.0452	0.803857
0.0456	0.80236
0.046	0.800866
0.0464	0.799376
0.0468	0.79789
0.0472	0.796407
0.0476	0.794929
0.048	0.793453
0.0484	0.791982
0.0488	0.790514
0.0492	0.78905
0.0496	0.787589
0.05	0.786133
0.0504	0.784679
0.0508	0.783229
0.0512	0.781783
0.0516	0.780341
0.052	0.778902
0.0524	0.777467
0.0528	0.776035
0.0532	0.774606
0.0536	0.773181
0.054	0.77176
0.0544	0.770342
0.0548	0.768928
0.0552	0.767517
0.0556	0.76611
0.056	0.764706
0.0564	0.763306
0.0568	0.761909
0.0572	0.760516
0.0576	0.759126
0.058	0.757739
0.0584	0.756356
0.0588	0.754976
0.0592	0.7536
0.0596	0.752227
0.06	0.750857
0.0604	0.749491
0.0608	0.748128
0.0612	0.746768
0.0616	0.745412
0.062	0.744059
0.0624	0.742709
0.0628	0.741363
0.0632	0.74002
0.0636	0.73868
0.064	0.737344
0.0644	0.736011
0.0648	0.734681
0.0652	0.733354
0.0656	0.732031
0.066	0.73071
0.0664	0.729393
0.0668	0.72808
0.0672	0.726769
0.0676	0.725462
0.068	0.724157
0.0684	0.722856
0.0688	0.721559
0.0692	0.720264
0.0696	0.718972
0.07	0.717684
0.0704	0.716398
0.0708	0.715117
0.0712	0.713837
0.0716	0.712561
0.072	0.711289
0.0724	0.710019
0.0728	0.708752
0.0732	0.707489
0.0736	0.706228
0.074	0.704971
0.0744	0.703716
0.0748	0.702465
0.0752	0.701216
0.0756	0.699971
0.076	0.698728
0.0764	0.697489
0.0768	0.696253
0.0772	0.695019
0.0776	0.693789
0.078	0.692561
0.0784	0.691337
0.0788	0.690116
0.0792	0.688897
0.0796	0.687681
0.08	0.686469
0.0804	0.685259
0.0808	0.684052
0.0812	0.682848
0.0816	0.681647
0.082	0.680448
0.0824	0.679253
0.0828	0.678061
0.0832	0.676871
0.0836	0.675684
0.084	0.6745
0.0844	0.673319
0.0848	0.672141
0.0852	0.670965
0.0856	0.669793
0.086	0.668623
0.0864	0.667456
0.0868	0.666292
0.0872	0.66513
0.0876	0.663972
0.088	0.662816
0.0884	0.661663
0.0888	0.660512
0.0892	0.659365
0.0896	0.65822
0.09	0.657077
0.0904	0.655938
0.0908	0.654801
0.0912	0.653667
0.0916	0.652536
0.092	0.651407
0.0924	0.650281
0.0928	0.649158
0.0932	0.648037
0.0936	0.646919
0.094	0.645804
0.0944	0.644691
0.0948	0.643581
0.0952	0.642474
0.0956	0.641369
0.096	0.640267
0.0964	0.639167
0.0968	0.63807
0.0972	0.636976
0.0976	0.635884
0.098	0.634794
0.0984	0.633708
0.0988	0.632624
0.0992	0.631542
0.0996	0.630463
0.1	0.629387
0.1004	0.628313
0.1008	0.627241
0.1012	0.626173
0.1016	0.625106
0.102	0.624043
0.1024	0.622981
0.1028	0.621922
0.1032	0.620866
0.1036	0.619812
0.104	0.618761
0.1044	0.617712
0.1048	0.616665
0.1052	0.615621
0.1056	0.61458
0.106	0.613541
0.1064	0.612504
0.1068	0.61147
0.1072	0.610438
0.1076	0.609408
0.108	0.608382
0.1084	0.607357
0.1088	0.606335
0.1092	0.605315
0.1096	0.604297
0.11	0.603282
0.1104	0.60227
0.1108	0.601259
0.1112	0.600251
0.1116	0.599245
0.112	0.598242
0.1124	0.597241
0.1128	0.596243
0.1132	0.595246
0.1136	0.594252
0.114	0.593261
0.1144	0.592271
0.1148	0.591284
0.1152	0.590299
0.1156	0.589317
0.116	0.588336
0.1164	0.587358
0.1168	0.586383
0.1172	0.585409
0.1176	0.584438
0.118	0.583469
0.1184	0.582502
0.1188	0.581538
0.1192	0.580576
0.1196	0.579616
0.12	0.578658
0.1204	0.577702
0.1208	0.576749
0.1212	0.575798
0.1216	0.574849
0.122	0.573902
0.1224	0.572957
0.1228	0.572015
0.1232	0.571074
0.1236	0.570136
0.124	0.5692
0.1244	0.568266
0.1248	0.567335
0.1252	0.566405
0.1256	0.565478
0.126	0.564553
0.1264	0.563629
0.1268	0.562708
0.1272	0.561789
0.1276	0.560873
0.128	0.559958
0.1284	0.559045
0.1288	0.558134
0.1292	0.557226
0.1296	0.55632
0.13	0.555415
0.1304	0.554513
0.1308	0.553613
0.1312	0.552715
0.1316	0.551819
0.132	0.550925
0.1324	0.550033
0.1328	0.549143
0.1332	0.548255
0.1336	0.547369
0.134	0.546485
0.1344	0.545603
0.1348	0.544723
0.1352	0.543845
0.1356	0.542969
0.136	0.542095
0.1364	0.541223
0.1368	0.540353
0.1372	0.539485
0.1376	0.538619
0.138	0.537755
0.1384	0.536893
0.1388	0.536033
0.1392	0.535175
0.1396	0.534318
0.14	0.533464
0.1404	0.532612
0.1408	0.531761
0.1412	0.530913
0.1416	0.530066
0.142	0.529221
0.1424	0.528378
0.1428	0.527538
0.1432	0.526698
0.1436	0.525861
0.144	0.525026
0.1444	0.524193
0.1448	0.523361
0.1452	0.522532
0.1456	0.521704
0.146	0.520878
0.1464	0.520054
0.1468	0.519231
0.1472	0.518411
0.1476	0.517593
0.148	0.516776
0.1484	0.515961
0.1488	0.515148
0.1492	0.514337
0.1496	0.513527
0.15	0.51272
0.1504	0.511914
0.1508	0.51111
0.1512	0.510308
0.1516	0.509507
0.152	0.508709
0.1524	0.507912
0.1528	0.507117
0.1532	0.506324
0.1536	0.505532
0.154	0.504742
0.1544	0.503954
0.1548	0.503168
0.1552	0.502384
0.1556	0.501601
0.156	0.50082
0.1564	0.50004
0.1568	0.499263
0.1572	0.498487
0.1576	0.497713
0.158	0.49694
0.1584	0.49617
0.1588	0.495401
0.1592	0.494633
0.1596	0.493868
0.16	0.493104
0.1604	0.492342
0.1608	0.491581
0.1612	0.490822
0.1616	0.490065
0.162	0.48931
0.1624	0.488556
0.1628	0.487804
0.1632	0.487054
0.1636	0.486305
0.164	0.485557
0.1644	0.484812
0.1648	0.484068
0.1652	0.483326
0.1656	0.482585
0.166	0.481846
0.1664	0.481109
0.1668	0.480373
0.1672	0.479639
0.1676	0.478906
0.168	0.478175
0.1684	0.477446
0.1688	0.476718
0.1692	0.475992
0.1696	0.475268
0.17	0.474545
0.1704	0.473823
0.1708	0.473103
0.1712	0.472385
0.1716	0.471669
0.172	0.470953
0.1724	0.47024
0.1728	0.469528
0.1732	0.468818
0.1736	0.468109
0.174	0.467401
0.1744	0.466696
0.1748	0.465991
0.1752	0.465289
0.1756	0.464587
0.176	0.463888
0.1764	0.463189
0.1768	0.462493
0.1772	0.461798
0.1776	0.461104
0.178	0.460412
0.1784	0.459722
0.1788	0.459032
0.1792	0.458345
0.1796	0.457659
0.18	0.456974
0.1804	0.456291
0.1808	0.455609
0.1812	0.454929
0.1816	0.45425
0.182	0.453573
0.1824	0.452897
0.1828	0.452223
0.1832	0.45155
0.1836	0.450879
0.184	0.450209
0.1844	0.44954
0.1848	0.448873
0.1852	0.448207
0.1856	0.447543
0.186	0.44688
0.1864	0.446219
0.1868	0.445559
0.1872	0.4449
0.1876	0.444243
0.188	0.443587
0.1884	0.442933
0.1888	0.44228
0.1892	0.441629
0.1896	0.440979
0.19	0.44033
0.1904	0.439682
0.1908	0.439037
0.1912	0.438392
0.1916	0.437749
0.192	0.437107
0.1924	0.436466
0.1928	0.435827
0.1932	0.43519
0.1936	0.434553
0.194	0.433918
0.1944	0.433285
0.1948	0.432652
0.1952	0.432021
0.1956	0.431392
0.196	0.430764
0.1964	0.430137
0.1968	0.429511
0.1972	0.428887
0.1976	0.428264
0.198	0.427642
0.1984	0.427022
0.1988	0.426403
0.1992	0.425785
0.1996	0.425169
0.2	0.424554
0.2004	0.42394
0.2008	0.423328
0.2012	0.422716
0.2016	0.422107
0.202	0.421498
0.2024	0.420891
0.2028	0.420285
0.2032	0.41968
0.2036	0.419077
0.204	0.418474
0.2044	0.417874
0.2048	0.417274
0.2052	0.416675
0.2056	0.416078
0.206	0.415483
0.2064	0.414888
0.2068	0.414295
0.2072	0.413702
0.2076	0.413112
0.208	0.412522
0.2084	0.411933
0.2088	0.411346
0.2092	0.41076
0.2096	0.410176
0.21	0.409592
0.2104	0.40901
0.2108	0.408429
0.2112	0.407849
0.2116	0.407271
0.212	0.406693
0.2124	0.406117
0.2128	0.405542
0.2132	0.404968
0.2136	0.404396
0.214	0.403824
0.2144	0.403254
0.2148	0.402685
0.2152	0.402117
0.2156	0.401551
0.216	0.400985
0.2164	0.400421
0.2168	0.399858
0.2172	0.399296
0.2176	0.398735
0.218	0.398175
0.2184	0.397617
0.2188	0.39706
0.2192	0.396504
0.2196	0.395949
0.22	0.395395
0.2204	0.394842
0.2208	0.394291
0.2212	0.39374
0.2216	0.393191
0.222	0.392643
0.2224	0.392096
0.2228	0.39155
0.2232	0.391005
0.2236	0.390462
0.224	0.389919
0.2244	0.389378
0.2248	0.388837
0.2252	0.388298
0.2256	0.38776
0.226	0.387223
0.2264	0.386688
0.2268	0.386153
0.2272	0.385619
0.2276	0.385087
0.228	0.384555
0.2284	0.384025
0.2288	0.383496
0.2292	0.382968
0.2296	0.382441
0.23	0.381915
0.2304	0.38139
0.2308	0.380866
0.2312	0.380343
0.2316	0.379821
0.232	0.379301
0.2324	0.378781
0.2328	0.378263
0.2332	0.377745
0.2336	0.377229
0.234	0.376713
0.2344	0.376199
0.2348	0.375686
0.2352	0.375174
0.2356	0.374663
0.236	0.374153
0.2364	0.373643
0.2368	0.373136
0.2372	0.372628
0.2376	0.372123
0.238	0.371618
0.2384	0.371114
0.2388	0.370611
0.2392	0.370109
0.2396	0.369608
0.24	0.369108
0.2404	0.368609
0.2408	0.368112
0.2412	0.367615
0.2416	0.367119
0.242	0.366624
0.2424	0.36613
0.2428	0.365638
0.2432	0.365146
0.2436	0.364655
0.244	0.364165
0.2444	0.363676
0.2448	0.363189
0.2452	0.362702
0.2456	0.362216
0.246	0.361731
0.2464	0.361247
0.2468	0.360764
0.2472	0.360282
0.2476	0.359801
0.248	0.359321
0.2484	0.358842
0.2488	0.358364
0.2492	0.357887
0.2496	0.35741
0.25	0.356935
0.2504	0.356461
0.2508	0.355988
0.2512	0.355515
0.2516	0.355044
0.252	0.354573
0.2524	0.354104
0.2528	0.353635
0.2532	0.353167
0.2536	0.352701
0.254	0.352235
0.2544	0.35177
0.2548	0.351306
0.2552	0.350843
0.2556	0.350381
0.256	0.34992
0.2564	0.349459
0.2568	0.349
0.2572	0.348542
0.2576	0.348084
0.258	0.347627
0.2584	0.347172
0.2588	0.346717
0.2592	0.346263
0.2596	0.34581
0.26	0.345358
0.2604	0.344907
0.2608	0.344456
0.2612	0.344007
0.2616	0.343558
0.262	0.343111
0.2624	0.342664
0.2628	0.342218
0.2632	0.341773
0.2636	0.341329
0.264	0.340886
0.2644	0.340443
0.2648	0.340002
0.2652	0.339561
0.2656	0.339121
0.266	0.338683
0.2664	0.338245
0.2668	0.337807
0.2672	0.337371
0.2676	0.336936
0.268	0.336501
0.2684	0.336067
0.2688	0.335634
0.2692	0.335202
0.2696	0.334771
0.27	0.334341
0.2704	0.333911
0.2708	0.333483
0.2712	0.333055
0.2716	0.332628
0.272	0.332202
0.2724	0.331776
0.2728	0.331352
0.2732	0.330928
0.2736	0.330505
0.274	0.330084
0.2744	0.329662
0.2748	0.329242
0.2752	0.328822
0.2756	0.328404
0.276	0.327986
0.2764	0.327569
0.2768	0.327153
0.2772	0.326737
0.2776	0.326322
0.278	0.325909
0.2784	0.325496
0.2788	0.325083
0.2792	0.324672
0.2796	0.324261
0.28	0.323851
0.2804	0.323442
0.2808	0.323034
0.2812	0.322627
0.2816	0.32222
0.282	0.321814
0.2824	0.321409
0.2828	0.321005
0.2832	0.320601
0.2836	0.320198
0.284	0.319796
0.2844	0.319395
0.2848	0.318995
0.2852	0.318595
0.2856	0.318196
0.286	0.317798
0.2864	0.317401
0.2868	0.317004
0.2872	0.316608
0.2876	0.316213
0.288	0.315819
0.2884	0.315426
0.2888	0.315033
0.2892	0.314641
0.2896	0.314249
0.29	0.313859
0.2904	0.313469
0.2908	0.31308
0.2912	0.312692
0.2916	0.312304
0.292	0.311918
0.2924	0.311531
0.2928	0.311146
0.2932	0.310762
0.2936	0.310378
0.294	0.309995
0.2944	0.309612
0.2948	0.309231
0.2952	0.30885
0.2956	0.308469
0.296	0.30809
0.2964	0.307711
0.2968	0.307333
0.2972	0.306956
0.2976	0.306579
0.298	0.306203
0.2984	0.305828
0.2988	0.305454
0.2992	0.30508
0.2996	0.304707
0.3	0.304335
0.3004	0.303963
0.3008	0.303592
0.3012	0.303222
0.3016	0.302852
0.302	0.302484
0.3024	0.302116
0.3028	0.301748
0.3032	0.301381
0.3036	0.301015
0.304	0.30065
0.3044	0.300285
0.3048	0.299922
0.3052	0.299558
0.3056	0.299196
0.306	0.298834
0.3064	0.298473
0.3068	0.298112
0.3072	0.297752
0.3076	0.297393
0.308	0.297035
0.3084	0.296677
0.3088	0.29632
0.3092	0.295963
0.3096	0.295607
0.31	0.295252
0.3104	0.294898
0.3108	0.294544
0.3112	0.294191
0.3116	0.293838
0.312	0.293486
0.3124	0.293135
0.3128	0.292785
0.3132	0.292435
0.3136	0.292086
0.314	0.291737
0.3144	0.291389
0.3148	0.291042
0.3152	0.290695
0.3156	0.290349
0.316	0.290004
0.3164	0.289659
0.3168	0.289315
0.3172	0.288972
0.3176	0.288629
0.318	0.288287
0.3184	0.287946
0.3188	0.287605
0.3192	0.287265
0.3196	0.286925
0.32	0.286586
0.3204	0.286248
0.3208	0.28591
0.3212	0.285573
0.3216	0.285237
0.322	0.284901
0.3224	0.284566
0.3228	0.284231
0.3232	0.283897
0.3236	0.283564
0.324	0.283231
0.3244	0.282899
0.3248	0.282568
0.3252	0.282237
0.3256	0.281906
0.326	0.281577
0.3264	0.281248
0.3268	0.280919
0.3272	0.280591
0.3276	0.280264
0.328	0.279938
0.3284	0.279612
0.3288	0.279286
0.3292	0.278961
0.3296	0.278637
0.33	0.278313
0.3304	0.27799
0.3308	0.277668
0.3312	0.277346
0.3316	0.277025
0.332	0.276704
0.3324	0.276384
0.3328	0.276064
0.3332	0.275746
0.3336	0.275427
0.334	0.275109
0.3344	0.274792
0.3348	0.274476
0.3352	0.27416
0.3356	0.273844
0.336	0.273529
0.3364	0.273215
0.3368	0.272901
0.3372	0.272588
0.3376	0.272276
0.338	0.271964
0.3384	0.271652
0.3388	0.271341
0.3392	0.271031
0.3396	0.270721
0.34	0.270412
0.3404	0.270103
0.3408	0.269795
0.3412	0.269488
0.3416	0.269181
0.342	0.268875
0.3424	0.268569
0.3428	0.268263
0.3432	0.267959
0.3436	0.267655
0.344	0.267351
0.3444	0.267048
0.3448	0.266745
0.3452	0.266443
0.3456	0.266142
0.346	0.265841
0.3464	0.265541
0.3468	0.265241
0.3472	0.264942
0.3476	0.264643
0.348	0.264345
0.3484	0.264047
0.3488	0.26375
0.3492	0.263453
0.3496	0.263157
0.35	0.262862
0.3504	0.262567
0.3508	0.262272
0.3512	0.261978
0.3516	0.261685
0.352	0.261392
0.3524	0.2611
0.3528	0.260808
0.3532	0.260517
0.3536	0.260226
0.354	0.259936
0.3544	0.259646
0.3548	0.259357
0.3552	0.259068
0.3556	0.25878
0.356	0.258492
0.3564	0.258205
0.3568	0.257918
0.3572	0.257632
0.3576	0.257346
0.358	0.257061
0.3584	0.256777
0.3588	0.256492
0.3592	0.256209
0.3596	0.255926
0.36	0.255643
0.3604	0.255361
0.3608	0.255079
0.3612	0.254798
0.3616	0.254518
0.362	0.254238
0.3624	0.253958
0.3628	0.253679
0.3632	0.2534
0.3636	0.253122
0.364	0.252845
0.3644	0.252567
0.3648	0.252291
0.3652	0.252015
0.3656	0.251739
0.366	0.251464
0.3664	0.251189
0.3668	0.250915
0.3672	0.250641
0.3676	0.250368
0.368	0.250095
0.3684	0.249823
0.3688	0.249551
0.3692	0.24928
0.3696	0.249009
0.37	0.248739
0.3704	0.248469
0.3708	0.248199
0.3712	0.24793
0.3716	0.247662
0.372	0.247394
0.3724	0.247126
0.3728	0.246859
0.3732	0.246592
0.3736	0.246326
0.374	0.246061
0.3744	0.245796
0.3748	0.245531
0.3752	0.245266
0.3756	0.245003
0.376	0.244739
0.3764	0.244476
0.3768	0.244214
0.3772	0.243952
0.3776	0.24369
0.378	0.243429
0.3784	0.243169
0.3788	0.242909
0.3792	0.242649
0.3796	0.24239
0.38	0.242131
0.3804	0.241872
0.3808	0.241615
0.3812	0.241357
0.3816	0.2411
0.382	0.240844
0.3824	0.240587
0.3828	0.240332
0.3832	0.240077
0.3836	0.239822
0.384	0.239567
0.3844	0.239313
0.3848	0.23906
0.3852	0.238807
0.3856	0.238554
0.386	0.238302
0.3864	0.23805
0.3868	0.237799
0.3872	0.237548
0.3876	0.237298
0.388	0.237048
0.3884	0.236798
0.3888	0.236549
0.3892	0.236301
0.3896	0.236052
0.39	0.235804
0.3904	0.235557
0.3908	0.23531
0.3912	0.235063
0.3916	0.234817
0.392	0.234572
0.3924	0.234326
0.3928	0.234081
0.3932	0.233837
0.3936	0.233593
0.394	0.233349
0.3944	0.233106
0.3948	0.232863
0.3952	0.232621
0.3956	0.232379
0.396	0.232137
0.3964	0.231896
0.3968	0.231656
0.3972	0.231415
0.3976	0.231175
0.398	0.230936
0.3984	0.230697
0.3988	0.230458
0.3992	0.23022
0.3996	0.229982
0.4	0.229744
0.4004	0.229507
0.4008	0.229271
0.4012	0.229035
0.4016	0.228799
0.402	0.228563
0.4024	0.228328
0.4028	0.228094
0.4032	0.227859
0.4036	0.227625
0.404	0.227392
0.4044	0.227159
0.4048	0.226926
0.4052	0.226694
0.4056	0.226462
0.406	0.226231
0.4064	0.226
0.4068	0.225769
0.4072	0.225539
0.4076	0.225309
0.408	0.225079
0.4084	0.22485
0.4088	0.224621
0.4092	0.224393
0.4096	0.224165
0.41	0.223937
0.4104	0.22371
0.4108	0.223483
0.4112	0.223257
0.4116	0.223031
0.412	0.222805
0.4124	0.22258
0.4128	0.222355
0.4132	0.22213
0.4136	0.221906
0.414	0.221682
0.4144	0.221459
0.4148	0.221235
0.4152	0.221013
0.4156	0.22079
0.416	0.220568
0.4164	0.220347
0.4168	0.220126
0.4172	0.219905
0.4176	0.219684
0.418	0.219464
0.4184	0.219245
0.4188	0.219025
0.4192	0.218806
0.4196	0.218588
0.42	0.218369
0.4204	0.218151
0.4208	0.217934
0.4212	0.217717
0.4216	0.2175
0.422	0.217283
0.4224	0.217067
0.4228	0.216852
0.4232	0.216636
0.4236	0.216421
0.424	0.216206
0.4244	0.215992
0.4248	0.215778
0.4252	0.215565
0.4256	0.215351
0.426	0.215138
0.4264	0.214926
0.4268	0.214714
0.4272	0.214502
0.4276	0.21429
0.428	0.214079
0.4284	0.213868
0.4288	0.213658
0.4292	0.213448
0.4296	0.213238
0.43	0.213029
0.4304	0.21282
0.4308	0.212611
0.4312	0.212402
0.4316	0.212194
0.432	0.211987
0.4324	0.211779
0.4328	0.211572
0.4332	0.211366
0.4336	0.211159
0.434	0.210953
0.4344	0.210748
0.4348	0.210542
0.4352	0.210337
0.4356	0.210133
0.436	0.209929
0.4364	0.209725
0.4368	0.209521
0.4372	0.209318
0.4376	0.209115
0.438	0.208912
0.4384	0.20871
0.4388	0.208508
0.4392	0.208306
0.4396	0.208105
0.44	0.207904
0.4404	0.207703
0.4408	0.207503
0.4412	0.207303
0.4416	0.207103
0.442	0.206904
0.4424	0.206705
0.4428	0.206506
0.4432	0.206308
0.4436	0.206109
0.444	0.205912
0.4444	0.205714
0.4448	0.205517
0.4452	0.20532
0.4456	0.205124
0.446	0.204928
0.4464	0.204732
0.4468	0.204536
0.4472	0.204341
0.4476	0.204146
0.448	0.203952
0.4484	0.203757
0.4488	0.203564
0.4492	0.20337
0.4496	0.203177
0.45	0.202984
0.4504	0.202791
0.4508	0.202599
0.4512	0.202406
0.4516	0.202215
0.452	0.202023
0.4524	0.201832
0.4528	0.201641
0.4532	0.201451
0.4536	0.201261
0.454	0.201071
0.4544	0.200881
0.4548	0.200692
0.4552	0.200503
0.4556	0.200314
0.456	0.200126
0.4564	0.199938
0.4568	0.19975
0.4572	0.199562
0.4576	0.199375
0.458	0.199188
0.4584	0.199002
0.4588	0.198815
0.4592	0.198629
0.4596	0.198444
0.46	0.198258
0.4604	0.198073
0.4608	0.197888
0.4612	0.197704
0.4616	0.197519
0.462	0.197336
0.4624	0.197152
0.4628	0.196969
0.4632	0.196786
0.4636	0.196603
0.464	0.19642
0.4644	0.196238
0.4648	0.196056
0.4652	0.195875
0.4656	0.195693
0.466	0.195512
0.4664	0.195332
0.4668	0.195151
0.4672	0.194971
0.4676	0.194791
0.468	0.194611
0.4684	0.194432
0.4688	0.194253
0.4692	0.194074
0.4696	0.193896
0.47	0.193718
0.4704	0.19354
0.4708	0.193362
0.4712	0.193185
0.4716	0.193008
0.472	0.192831
0.4724	0.192655
0.4728	0.192478
0.4732	0.192302
0.4736	0.192127
0.474	0.191951
0.4744	0.191776
0.4748	0.191601
0.4752	0.191427
0.4756	0.191253
0.476	0.191079
0.4764	0.190905
0.4768	0.190731
0.4772	0.190558
0.4776	0.190385
0.478	0.190213
0.4784	0.19004
0.4788	0.189868
0.4792	0.189696
0.4796	0.189525
0.48	0.189353
0.4804	0.189182
0.4808	0.189011
0.4812	0.188841
0.4816	0.188671
0.482	0.188501
0.4824	0.188331
0.4828	0.188162
0.4832	0.187992
0.4836	0.187823
0.484	0.187655
0.4844	0.187486
0.4848	0.187318
0.4852	0.18715
0.4856	0.186983
0.486	0.186815
0.4864	0.186648
0.4868	0.186482
0.4872	0.186315
0.4876	0.186149
0.488	0.185983
0.4884	0.185817
0.4888	0.185651
0.4892	0.185486
0.4896	0.185321
0.49	0.185156
0.4904	0.184992
0.4908	0.184828
0.4912	0.184663
0.4916	0.1845
0.492	0.184336
0.4924	0.184173
0.4928	0.18401
0.4932	0.183847
0.4936	0.183685
0.494	0.183523
0.4944	0.183361
0.4948	0.183199
0.4952	0.183037
0.4956	0.182876
0.496	0.182715
0.4964	0.182554
0.4968	0.182394
0.4972	0.182234
0.4976	0.182074
0.498	0.181914
0.4984	0.181754
0.4988	0.181595
0.4992	0.181436
0.4996	0.181277
0.5	0.181119
0.5004	0.18096
0.5008	0.180802
0.5012	0.180644
0.5016	0.180487
0.502	0.180329
0.5024	0.180172
0.5028	0.180016
0.5032	0.179859
0.5036	0.179703
0.504	0.179546
0.5044	0.17939
0.5048	0.179235
0.5052	0.179079
0.5056	0.178924
0.506	0.178769
0.5064	0.178615
0.5068	0.17846
0.5072	0.178306
0.5076	0.178152
0.508	0.177998
0.5084	0.177845
0.5088	0.177691
0.5092	0.177538
0.5096	0.177385
0.51	0.177233
0.5104	0.17708
0.5108	0.176928
0.5112	0.176776
0.5116	0.176625
0.512	0.176473
0.5124	0.176322
0.5128	0.176171
0.5132	0.17602
0.5136	0.17587
0.514	0.175719
0.5144	0.175569
0.5148	0.175419
0.5152	0.17527
0.5156	0.17512
0.516	0.174971
0.5164	0.174822
0.5168	0.174673
0.5172	0.174525
0.5176	0.174377
0.518	0.174228
0.5184	0.174081
0.5188	0.173933
0.5192	0.173786
0.5196	0.173638
0.52	0.173491
0.5204	0.173345
0.5208	0.173198
0.5212	0.173052
0.5216	0.172906
0.522	0.17276
0.5224	0.172614
0.5228	0.172469
0.5232	0.172324
0.5236	0.172179
0.524	0.172034
0.5244	0.171889
0.5248	0.171745
0.5252	0.171601
0.5256	0.171457
0.526	0.171313
0.5264	0.17117
0.5268	0.171026
0.5272	0.170883
0.5276	0.170741
0.528	0.170598
0.5284	0.170456
0.5288	0.170313
0.5292	0.170171
0.5296	0.17003
0.53	0.169888
0.5304	0.169747
0.5308	0.169605
0.5312	0.169464
0.5316	0.169324
0.532	0.169183
0.5324	0.169043
0.5328	0.168903
0.5332	0.168763
0.5336	0.168623
0.534	0.168484
0.5344	0.168344
0.5348	0.168205
0.5352	0.168067
0.5356	0.167928
0.536	0.167789
0.5364	0.167651
0.5368	0.167513
0.5372	0.167375
0.5376	0.167238
0.538	0.1671
0.5384	0.166963
0.5388	0.166826
0.5392	0.166689
0.5396	0.166552
0.54	0.166416
0.5404	0.16628
0.5408	0.166144
0.5412	0.166008
0.5416	0.165872
0.542	0.165737
0.5424	0.165602
0.5428	0.165467
0.5432	0.165332
0.5436	0.165197
0.544	0.165063
0.5444	0.164928
0.5448	0.164794
0.5452	0.16466
0.5456	0.164527
0.546	0.164393
0.5464	0.16426
0.5468	0.164127
0.5472	0.163994
0.5476	0.163861
0.548	0.163729
0.5484	0.163597
0.5488	0.163465
0.5492	0.163333
0.5496	0.163201
0.55	0.163069
0.5504	0.162938
0.5508	0.162807
0.5512	0.162676
0.5516	0.162545
0.552	0.162415
0.5524	0.162284
0.5528	0.162154
0.5532	0.162024
0.5536	0.161894
0.554	0.161765
0.5544	0.161635
0.5548	0.161506
0.5552	0.161377
0.5556	0.161248
0.556	0.161119
0.5564	0.160991
0.5568	0.160862
0.5572	0.160734
0.5576	0.160606
0.558	0.160479
0.5584	0.160351
0.5588	0.160224
0.5592	0.160096
0.5596	0.159969
0.56	0.159842
0.5604	0.159716
0.5608	0.159589
0.5612	0.159463
0.5616	0.159337
0.562	0.159211
0.5624	0.159085
0.5628	0.15896
0.5632	0.158834
0.5636	0.158709
0.564	0.158584
0.5644	0.158459
0.5648	0.158334
0.5652	0.15821
0.5656	0.158086
0.566	0.157962
0.5664	0.157838
0.5668	0.157714
0.5672	0.15759
0.5676	0.157467
0.568	0.157344
0.5684	0.15722
0.5688	0.157098
0.5692	0.156975
0.5696	0.156852
0.57	0.15673
0.5704	0.156608
0.5708	0.156486
0.5712	0.156364
0.5716	0.156242
0.572	0.156121
0.5724	0.155999
0.5728	0.155878
0.5732	0.155757
0.5736	0.155636
0.574	0.155516
0.5744	0.155395
0.5748	0.155275
0.5752	0.155155
0.5756	0.155035
0.576	0.154915
0.5764	0.154795
0.5768	0.154676
0.5772	0.154557
0.5776	0.154438
0.578	0.154319
0.5784	0.1542
0.5788	0.154081
0.5792	0.153963
0.5796	0.153845
0.58	0.153726
0.5804	0.153609
0.5808	0.153491
0.5812	0.153373
0.5816	0.153256
0.582	0.153138
0.5824	0.153021
0.5828	0.152904
0.5832	0.152788
0.5836	0.152671
0.584	0.152555
0.5844	0.152438
0.5848	0.152322
0.5852	0.152206
0.5856	0.15209
0.586	0.151975
0.5864	0.151859
0.5868	0.151744
0.5872	0.151629
0.5876	0.151514
0.588	0.151399
0.5884	0.151284
0.5888	0.15117
0.5892	0.151056
0.5896	0.150941
0.59	0.150827
0.5904	0.150713
0.5908	0.1506
0.5912	0.150486
0.5916	0.150373
0.592	0.15026
0.5924	0.150147
0.5928	0.150034
0.5932	0.149921
0.5936	0.149808
0.594	0.149696
0.5944	0.149584
0.5948	0.149471
0.5952	0.149359
0.5956	0.149248
0.596	0.149136
0.5964	0.149025
0.5968	0.148913
0.5972	0.148802
0.5976	0.148691
0.598	0.14858
0.5984	0.148469
0.5988	0.148359
0.5992	0.148248
0.5996	0.148138
0.6	0.148028
0.6004	0.147918
0.6008	0.147808
0.6012	0.147699
0.6016	0.147589
0.602	0.14748
0.6024	0.14737
0.6028	0.147261
0.6032	0.147152
0.6036	0.147044
0.604	0.146935
0.6044	0.146827
0.6048	0.146718
0.6052	0.14661
0.6056	0.146502
0.606	0.146394
0.6064	0.146287
0.6068	0.146179
0.6072	0.146072
0.6076	0.145964
0.608	0.145857
0.6084	0.14575
0.6088	0.145643
0.6092	0.145537
0.6096	0.14543
0.61	0.145324
0.6104	0.145218
0.6108	0.145112
0.6112	0.145006
0.6116	0.1449
0.612	0.144794
0.6124	0.144689
0.6128	0.144583
0.6132	0.144478
0.6136	0.144373
0.614	0.144268
0.6144	0.144163
0.6148	0.144059
0.6152	0.143954
0.6156	0.14385
0.616	0.143746
0.6164	0.143642
0.6168	0.143538
0.6172	0.143434
0.6176	0.14333
0.618	0.143227
0.6184	0.143123
0.6188	0.14302
0.6192	0.142917
0.6196	0.142814
0.62	0.142711
0.6204	0.142609
0.6208	0.142506
0.6212	0.142404
0.6216	0.142301
0.622	0.142199
0.6224	0.142097
0.6228	0.141995
0.6232	0.141894
0.6236	0.141792
0.624	0.141691
0.6244	0.141589
0.6248	0.141488
0.6252	0.141387
0.6256	0.141286
0.626	0.141186
0.6264	0.141085
0.6268	0.140985
0.6272	0.140884
0.6276	0.140784
0.628	0.140684
0.6284	0.140584
0.6288	0.140484
0.6292	0.140385
0.6296	0.140285
0.63	0.140186
0.6304	0.140087
0.6308	0.139987
0.6312	0.139888
0.6316	0.13979
0.632	0.139691
0.6324	0.139592
0.6328	0.139494
0.6332	0.139395
0.6336	0.139297
0.634	0.139199
0.6344	0.139101
0.6348	0.139003
0.6352	0.138906
0.6356	0.138808
0.636	0.138711
0.6364	0.138614
0.6368	0.138516
0.6372	0.138419
0.6376	0.138323
0.638	0.138226
0.6384	0.138129
0.6388	0.138033
0.6392	0.137936
0.6396	0.13784
0.64	0.137744
0.6404	0.137648
0.6408	0.137552
0.6412	0.137456
0.6416	0.137361
0.642	0.137265
0.6424	0.13717
0.6428	0.137075
0.6432	0.13698
0.6436	0.136885
0.644	0.13679
0.6444	0.136695
0.6448	0.136601
0.6452	0.136506
0.6456	0.136412
0.646	0.136318
0.6464	0.136223
0.6468	0.13613
0.6472	0.136036
0.6476	0.135942
0.648	0.135848
0.6484	0.135755
0.6488	0.135662
0.6492	0.135568
0.6496	0.135475
0.65	0.135382
0.6504	0.135289
0.6508	0.135197
0.6512	0.135104
0.6516	0.135012
0.652	0.134919
0.6524	0.134827
0.6528	0.134735
0.6532	0.134643
0.6536	0.134551
0.654	0.134459
0.6544	0.134368
0.6548	0.134276
0.6552	0.134185
0.6556	0.134094
0.656	0.134002
0.6564	0.133911
0.6568	0.13382
0.6572	0.13373
0.6576	0.133639
0.658	0.133548
0.6584	0.133458
0.6588	0.133368
0.6592	0.133277
0.6596	0.133187
0.66	0.133097
0.6604	0.133008
0.6608	0.132918
0.6612	0.132828
0.6616	0.132739
0.662	0.132649
0.6624	0.13256
0.6628	0.132471
0.6632	0.132382
0.6636	0.132293
0.664	0.132204
0.6644	0.132116
0.6648	0.132027
0.6652	0.131939
0.6656	0.13185
0.666	0.131762
0.6664	0.131674
0.6668	0.131586
0.6672	0.131498
0.6676	0.13141
0.668	0.131323
0.6684	0.131235
0.6688	0.131148
0.6692	0.13106
0.6696	0.130973
0.67	0.130886
0.6704	0.130799
0.6708	0.130712
0.6712	0.130626
0.6716	0.130539
0.672	0.130452
0.6724	0.130366
0.6728	0.13028
0.6732	0.130194
0.6736	0.130108
0.674	0.130022
0.6744	0.129936
0.6748	0.12985
0.6752	0.129764
0.6756	0.129679
0.676	0.129593
0.6764	0.129508
0.6768	0.129423
0.6772	0.129338
0.6776	0.129253
0.678	0.129168
0.6784	0.129083
0.6788	0.128999
0.6792	0.128914
0.6796	0.12883
0.68	0.128745
0.6804	0.128661
0.6808	0.128577
0.6812	0.128493
0.6816	0.128409
0.682	0.128325
0.6824	0.128242
0.6828	0.128158
0.6832	0.128075
0.6836	0.127991
0.684	0.127908
0.6844	0.127825
0.6848	0.127742
0.6852	0.127659
0.6856	0.127576
0.686	0.127494
0.6864	0.127411
0.6868	0.127329
0.6872	0.127246
0.6876	0.127164
0.688	0.127082
0.6884	0.127
0.6888	0.126918
0.6892	0.126836
0.6896	0.126754
0.69	0.126672
0.6904	0.126591
0.6908	0.126509
0.6912	0.126428
0.6916	0.126347
0.692	0.126266
0.6924	0.126185
0.6928	0.126104
0.6932	0.126023
0.6936	0.125942
0.694	0.125861
0.6944	0.125781
0.6948	0.125701
0.6952	0.12562
0.6956	0.12554
0.696	0.12546
0.6964	0.12538
0.6968	0.1253
0.6972	0.12522
0.6976	0.12514
0.698	0.125061
0.6984	0.124981
0.6988	0.124902
0.6992	0.124823
0.6996	0.124743
0.7	0.124664
0.7004	0.124585
0.7008	0.124506
0.7012	0.124428
0.7016	0.124349
0.702	0.12427
0.7024	0.124192
0.7028	0.124113
0.7032	0.124035
0.7036	0.123957
0.704	0.123879
0.7044	0.123801
0.7048	0.123723
0.7052	0.123645
0.7056	0.123567
0.706	0.12349
0.7064	0.123412
0.7068	0.123335
0.7072	0.123257
0.7076	0.12318
0.708	0.123103
0.7084	0.123026
0.7088	0.122949
0.7092	0.122872
0.7096	0.122795
0.71	0.122719
0.7104	0.122642
0.7108	0.122566
0.7112	0.122489
0.7116	0.122413
0.712	0.122337
0.7124	0.122261
0.7128	0.122185
0.7132	0.122109
0.7136	0.122033
0.714	0.121957
0.7144	0.121882
0.7148	0.121806
0.7152	0.121731
0.7156	0.121655
0.716	0.12158
0.7164	0.121505
0.7168	0.12143
0.7172	0.121355
0.7176	0.12128
0.718	0.121205
0.7184	0.121131
0.7188	0.121056
0.7192	0.120981
0.7196	0.120907
0.72	0.120833
0.7204	0.120759
0.7208	0.120684
0.7212	0.12061
0.7216	0.120536
0.722	0.120463
0.7224	0.120389
0.7228	0.120315
0.7232	0.120242
0.7236	0.120168
0.724	0.120095
0.7244	0.120021
0.7248	0.119948
0.7252	0.119875
0.7256	0.119802
0.726	0.119729
0.7264	0.119656
0.7268	0.119583
0.7272	0.119511
0.7276	0.119438
0.728	0.119366
0.7284	0.119293
0.7288	0.119221
0.7292	0.119149
0.7296	0.119076
0.73	0.119004
0.7304	0.118932
0.7308	0.118861
0.7312	0.118789
0.7316	0.118717
0.732	0.118645
0.7324	0.118574
0.7328	0.118502
0.7332	0.118431
0.7336	0.11836
0.734	0.118289
0.7344	0.118218
0.7348	0.118147
0.7352	0.118076
0.7356	0.118005
0.736	0.117934
0.7364	0.117863
0.7368	0.117793
0.7372	0.117722
0.7376	0.117652
0.738	0.117582
0.7384	0.117511
0.7388	0.117441
0.7392	0.117371
0.7396	0.117301
0.74	0.117231
0.7404	0.117162
0.7408	0.117092
0.7412	0.117022
0.7416	0.116953
0.742	0.116883
0.7424	0.116814
0.7428	0.116745
0.7432	0.116675
0.7436	0.116606
0.744	0.116537
0.7444	0.116468
0.7448	0.116399
0.7452	0.116331
0.7456	0.116262
0.746	0.116193
0.7464	0.116125
0.7468	0.116056
0.7472	0.115988
0.7476	0.11592
0.748	0.115851
0.7484	0.115783
0.7488	0.115715
0.7492	0.115647
0.7496	0.115579
0.75	0.115511
0.7504	0.115444
0.7508	0.115376
0.7512	0.115309
0.7516	0.115241
0.752	0.115174
0.7524	0.115106
0.7528	0.115039
0.7532	0.114972
0.7536	0.114905
0.754	0.114838
0.7544	0.114771
0.7548	0.114704
0.7552	0.114637
0.7556	0.114571
0.756	0.114504
0.7564	0.114438
0.7568	0.114371
0.7572	0.114305
0.7576	0.114239
0.758	0.114172
0.7584	0.114106
0.7588	0.11404
0.7592	0.113974
0.7596	0.113908
0.76	0.113843
0.7604	0.113777
0.7608	0.113711
0.7612	0.113646
0.7616	0.11358
0.762	0.113515
0.7624	0.11345
0.7628	0.113384
0.7632	0.113319
0.7636	0.113254
0.764	0.113189
0.7644	0.113124
0.7648	0.113059
0.7652	0.112994
0.7656	0.11293
0.766	0.112865
0.7664	0.112801
0.7668	0.112736
0.7672	0.112672
0.7676	0.112607
0.768	0.112543
0.7684	0.112479
0.7688	0.112415
0.7692	0.112351
0.7696	0.112287
0.77	0.112223
0.7704	0.112159
0.7708	0.112096
0.7712	0.112032
0.7716	0.111968
0.772	0.111905
0.7724	0.111841
0.7728	0.111778
0.7732	0.111715
0.7736	0.111652
0.774	0.111589
0.7744	0.111525
0.7748	0.111463
0.7752	0.1114
0.7756	0.111337
0.776	0.111274
0.7764	0.111211
0.7768	0.111149
0.7772	0.111086
0.7776	0.111024
0.778	0.110961
0.7784	0.110899
0.7788	0.110837
0.7792	0.110775
0.7796	0.110713
0.78	0.110651
0.7804	0.110589
0.7808	0.110527
0.7812	0.110465
0.7816	0.110403
0.782	0.110342
0.7824	0.11028
0.7828	0.110219
0.7832	0.110157
0.7836	0.110096
0.784	0.110035
0.7844	0.109973
0.7848	0.109912
0.7852	0.109851
0.7856	0.10979
0.786	0.109729
0.7864	0.109668
0.7868	0.109608
0.7872	0.109547
0.7876	0.109486
0.788	0.109426
0.7884	0.109365
0.7888	0.109305
0.7892	0.109244
0.7896	0.109184
0.79	0.109124
0.7904	0.109064
0.7908	0.109004
0.7912	0.108944
0.7916	0.108884
0.792	0.108824
0.7924	0.108764
0.7928	0.108704
0.7932	0.108645
0.7936	0.108585
0.794	0.108525
0.7944	0.108466
0.7948	0.108407
0.7952	0.108347
0.7956	0.108288
0.796	0.108229
0.7964	0.10817
0.7968	0.108111
0.7972	0.108052
0.7976	0.107993
0.798	0.107934
0.7984	0.107875
0.7988	0.107816
0.7992	0.107758
0.7996	0.107699
0.8	0.107641
0.8004	0.107582
0.8008	0.107524
0.8012	0.107466
0.8016	0.107407
0.802	0.107349
0.8024	0.107291
0.8028	0.107233
0.8032	0.107175
0.8036	0.107117
0.804	0.107059
0.8044	0.107002
0.8048	0.106944
0.8052	0.106886
0.8056	0.106829
0.806	0.106771
0.8064	0.106714
0.8068	0.106657
0.8072	0.106599
0.8076	0.106542
0.808	0.106485
0.8084	0.106428
0.8088	0.106371
0.8092	0.106314
0.8096	0.106257
0.81	0.1062
0.8104	0.106143
0.8108	0.106086
0.8112	0.10603
0.8116	0.105973
0.812	0.105917
0.8124	0.10586
0.8128	0.105804
0.8132	0.105748
0.8136	0.105691
0.814	0.105635
0.8144	0.105579
0.8148	0.105523
0.8152	0.105467
0.8156	0.105411
0.816	0.105355
0.8164	0.105299
0.8168	0.105244
0.8172	0.105188
0.8176	0.105132
0.818	0.105077
0.8184	0.105021
0.8188	0.104966
0.8192	0.10491
0.8196	0.104855
0.82	0.1048
0.8204	0.104745
0.8208	0.10469
0.8212	0.104634
0.8216	0.104579
0.822	0.104525
0.8224	0.10447
0.8228	0.104415
0.8232	0.10436
0.8236	0.104305
0.824	0.104251
0.8244	0.104196
0.8248	0.104142
0.8252	0.104087
0.8256	0.104033
0.826	0.103979
0.8264	0.103924
0.8268	0.10387
0.8272	0.103816
0.8276	0.103762
0.828	0.103708
0.8284	0.103654
0.8288	0.1036
0.8292	0.103546
0.8296	0.103493
0.83	0.103439
0.8304	0.103385
0.8308	0.103332
0.8312	0.103278
0.8316	0.103225
0.832	0.103171
0.8324	0.103118
0.8328	0.103065
0.8332	0.103011
0.8336	0.102958
0.834	0.102905
0.8344	0.102852
0.8348	0.102799
0.8352	0.102746
0.8356	0.102693
0.836	0.10264
0.8364	0.102588
0.8368	0.102535
0.8372	0.102482
0.8376	0.10243
0.838	0.102377
0.8384	0.102325
0.8388	0.102272
0.8392	0.10222
0.8396	0.102168
0.84	0.102116
0.8404	0.102063
0.8408	0.102011
0.8412	0.101959
0.8416	0.101907
0.842	0.101855
0.8424	0.101804
0.8428	0.101752
0.8432	0.1017
0.8436	0.101648
0.844	0.101597
0.8444	0.101545
0.8448	0.101493
0.8452	0.101442
0.8456	0.101391
0.846	0.101339
0.8464	0.101288
0.8468	0.101237
0.8472	0.101186
0.8476	0.101134
0.848	0.101083
0.8484	0.101032
0.8488	0.100981
0.8492	0.10093
0.8496	0.10088
0.85	0.100829
0.8504	0.100778
0.8508	0.100727
0.8512	0.100677
0.8516	0.100626
0.852	0.100576
0.8524	0.100525
0.8528	0.100475
0.8532	0.100425
0.8536	0.100374
0.854	0.100324
0.8544	0.100274
0.8548	0.100224
0.8552	0.100174
0.8556	0.100124
0.856	0.100074
0.8564	0.100024
0.8568	0.099974
0.8572	0.0999242
0.8576	0.0998744
0.858	0.0998248
0.8584	0.0997751
0.8588	0.0997256
0.8592	0.0996761
0.8596	0.0996266
0.86	0.0995772
0.8604	0.0995278
0.8608	0.0994785
0.8612	0.0994293
0.8616	0.0993801
0.862	0.099331
0.8624	0.0992819
0.8628	0.0992329
0.8632	0.0991839
0.8636	0.099135
0.864	0.0990861
0.8644	0.0990373
0.8648	0.0989885
0.8652	0.0989398
0.8656	0.0988911
0.866	0.0988425
0.8664	0.098794
0.8668	0.0987455
0.8672	0.0986971
0.8676	0.0986486
0.868	0.0986003
0.8684	0.098552
0.8688	0.0985038
0.8692	0.0984556
0.8696	0.0984075
0.87	0.0983594
0.8704	0.0983114
0.8708	0.0982634
0.8712	0.0982155
0.8716	0.0981676
0.872	0.0981198
0.8724	0.0980721
0.8728	0.0980244
0.8732	0.0979767
0.8736	0.0979291
0.874	0.0978815
0.8744	0.097834
0.8748	0.0977866
0.8752	0.0977392
0.8756	0.0976918
0.876	0.0976445
0.8764	0.0975973
0.8768	0.0975501
0.8772	0.097503
0.8776	0.0974558
0.878	0.0974088
0.8784	0.0973618
0.8788	0.0973149
0.8792	0.097268
0.8796	0.0972212
0.88	0.0971744
0.8804	0.0971276
0.8808	0.0970809
0.8812	0.0970343
0.8816	0.0969877
0.882	0.0969412
0.8824	0.0968947
0.8828	0.0968483
0.8832	0.0968019
0.8836	0.0967555
0.884	0.0967092
0.8844	0.096663
0.8848	0.0966168
0.8852	0.0965707
0.8856	0.0965246
0.886	0.0964786
0.8864	0.0964326
0.8868	0.0963866
0.8872	0.0963407
0.8876	0.0962949
0.888	0.0962491
0.8884	0.0962034
0.8888	0.0961577
0.8892	0.096112
0.8896	0.0960664
0.89	0.0960209
0.8904	0.0959754
0.8908	0.0959299
0.8912	0.0958845
0.8916	0.0958392
0.892	0.0957939
0.8924	0.0957486
0.8928	0.0957034
0.8932	0.0956583
0.8936	0.0956132
0.894	0.0955681
0.8944	0.0955231
0.8948	0.0954781
0.8952	0.0954332
0.8956	0.0953883
0.896	0.0953435
0.8964	0.0952987
0.8968	0.095254
0.8972	0.0952093
0.8976	0.0951647
0.898	0.0951201
0.8984	0.0950756
0.8988	0.0950311
0.8992	0.0949866
0.8996	0.0949422
0.9	0.0948979
0.9004	0.0948536
0.9008	0.0948093
0.9012	0.0947651
0.9016	0.094721
0.902	0.0946769
0.9024	0.0946328
0.9028	0.0945888
0.9032	0.0945448
0.9036	0.0945009
0.904	0.094457
0.9044	0.0944132
0.9048	0.0943694
0.9052	0.0943256
0.9056	0.0942819
0.906	0.0942383
0.9064	0.0941947
0.9068	0.0941511
0.9072	0.0941076
0.9076	0.0940641
0.908	0.0940207
0.9084	0.0939774
0.9088	0.093934
0.9092	0.0938908
0.9096	0.0938475
0.91	0.0938043
0.9104	0.0937612
0.9108	0.0937181
0.9112	0.093675
0.9116	0.093632
0.912	0.0935891
0.9124	0.0935462
0.9128	0.0935033
0.9132	0.0934605
0.9136	0.0934177
0.914	0.0933749
0.9144	0.0933323
0.9148	0.0932896
0.9152	0.093247
0.9156	0.0932045
0.916	0.0931619
0.9164	0.0931195
0.9168	0.093077
0.9172	0.0930347
0.9176	0.0929923
0.918	0.09295
0.9184	0.0929078
0.9188	0.0928656
0.9192	0.0928234
0.9196	0.0927813
0.92	0.0927392
0.9204	0.0926972
0.9208	0.0926552
0.9212	0.0926133
0.9216	0.0925714
0.922	0.0925296
0.9224	0.0924877
0.9228	0.092446
0.9232	0.0924043
0.9236	0.0923626
0.924	0.0923209
0.9244	0.0922794
0.9248	0.0922378
0.9252	0.0921963
0.9256	0.0921549
0.926	0.0921134
0.9264	0.0920721
0.9268	0.0920307
0.9272	0.0919894
0.9276	0.0919482
0.928	0.091907
0.9284	0.0918658
0.9288	0.0918247
0.9292	0.0917837
0.9296	0.0917426
0.93	0.0917016
0.9304	0.0916607
0.9308	0.0916198
0.9312	0.0915789
0.9316	0.0915381
0.932	0.0914973
0.9324	0.0914566
0.9328	0.0914159
0.9332	0.0913752
0.9336	0.0913346
0.934	0.0912941
0.9344	0.0912535
0.9348	0.0912131
0.9352	0.0911726
0.9356	0.0911322
0.936	0.0910919
0.9364	0.0910516
0.9368	0.0910113
0.9372	0.0909711
0.9376	0.0909309
0.938	0.0908907
0.9384	0.0908506
0.9388	0.0908105
0.9392	0.0907705
0.9396	0.0907305
0.94	0.0906906
0.9404	0.0906507
0.9408	0.0906108
0.9412	0.090571
0.9416	0.0905312
0.942	0.0904915
0.9424	0.0904518
0.9428	0.0904122
0.9432	0.0903725
0.9436	0.090333
0.944	0.0902934
0.9444	0.0902539
0.9448	0.0902145
0.9452	0.0901751
0.9456	0.0901357
0.946	0.0900964
0.9464	0.0900571
0.9468	0.0900178
0.9472	0.0899786
0.9476	0.0899394
0.948	0.0899003
0.9484	0.0898612
0.9488	0.0898221
0.9492	0.0897832
0.9496	0.0897442
0.95	0.0897053
0.9504	0.0896664
0.9508	0.0896275
0.9512	0.0895887
0.9516	0.0895499
0.952	0.0895112
0.9524	0.0894725
0.9528	0.0894339
0.9532	0.0893952
0.9536	0.0893566
0.954	0.0893181
0.9544	0.0892796
0.9548	0.0892412
0.9552	0.0892028
0.9556	0.0891644
0.956	0.089126
0.9564	0.0890877
0.9568	0.0890495
0.9572	0.0890112
0.9576	0.0889731
0.958	0.0889349
0.9584	0.0888968
0.9588	0.0888587
0.9592	0.0888207
0.9596	0.0887827
0.96	0.0887447
0.9604	0.0887068
0.9608	0.088669
0.9612	0.0886311
0.9616	0.0885933
0.962	0.0885556
0.9624	0.0885178
0.9628	0.0884802
0.9632	0.0884425
0.9636	0.0884049
0.964	0.0883673
0.9644	0.0883298
0.9648	0.0882923
0.9652	0.0882549
0.9656	0.0882174
0.966	0.0881801
0.9664	0.0881427
0.9668	0.0881054
0.9672	0.0880681
0.9676	0.0880309
0.968	0.0879937
0.9684	0.0879565
0.9688	0.0879194
0.9692	0.0878824
0.9696	0.0878453
0.97	0.0878083
0.9704	0.0877713
0.9708	0.0877344
0.9712	0.0876975
0.9716	0.0876606
0.972	0.0876238
0.9724	0.087587
0.9728	0.0875503
0.9732	0.0875136
0.9736	0.0874769
0.974	0.0874403
0.9744	0.0874037
0.9748	0.0873671
0.9752	0.0873306
0.9756	0.0872941
0.976	0.0872576
0.9764	0.0872212
0.9768	0.0871848
0.9772	0.0871485
0.9776	0.0871122
0.978	0.0870759
0.9784	0.0870397
0.9788	0.0870035
0.9792	0.0869673
0.9796	0.0869312
0.98	0.0868951
0.9804	0.086859
0.9808	0.086823
0.9812	0.086787
0.9816	0.0867511
0.982	0.0867152
0.9824	0.0866793
0.9828	0.0866435
0.9832	0.0866077
0.9836	0.0865719
0.984	0.0865362
0.9844	0.0865005
0.9848	0.0864648
0.9852	0.0864292
0.9856	0.0863936
0.986	0.086358
0.9864	0.0863225
0.9868	0.086287
0.9872	0.0862516
0.9876	0.0862162
0.988	0.0861808
0.9884	0.0861454
0.9888	0.0861101
0.9892	0.0860749
0.9896	0.0860396
0.99	0.0860044
0.9904	0.0859692
0.9908	0.0859341
0.9912	0.085899
0.9916	0.0858639
0.992	0.0858289
0.9924	0.0857939
0.9928	0.0857589
0.9932	0.085724
0.9936	0.0856891
0.994	0.0856543
0.9944	0.0856194
0.9948	0.0855847
0.9952	0.0855499
0.9956	0.0855152
0.996	0.0854805
0.9964	0.0854458
0.9968	0.0854112
0.9972	0.0853766
0.9976	0.0853421
0.998	0.0853076
0.9984	0.0852731
0.9988	0.0852386
0.9992	0.0852042
0.9996	0.0851698
1	0.0851355
1.0004	0.0851012
1.0008	0.0850669
1.0012	0.0850326
1.0016	0.0849985
1.002	0.0849643
1.0024	0.0849301
1.0028	0.084896
1.0032	0.0848619
1.0036	0.0848279
1.004	0.0847939
1.0044	0.0847599
1.0048	0.084726
1.0052	0.084692
1.0056	0.0846582
1.006	0.0846243
1.0064	0.0845905
1.0068	0.0845568
1.0072	0.084523
1.0076	0.0844893
1.008	0.0844556
1.0084	0.0844219
1.0088	0.0843883
1.0092	0.0843548
1.0096	0.0843212
1.01	0.0842877
1.0104	0.0842542
1.0108	0.0842208
1.0112	0.0841873
1.0116	0.084154
1.012	0.0841206
1.0124	0.0840873
1.0128	0.084054
1.0132	0.0840207
1.0136	0.0839875
1.014	0.0839543
1.0144	0.0839212
1.0148	0.083888
1.0152	0.083855
1.0156	0.0838219
1.016	0.0837889
1.0164	0.0837559
1.0168	0.0837229
1.0172	0.08369
1.0176	0.0836571
1.018	0.0836242
1.0184	0.0835914
1.0188	0.0835586
1.0192	0.0835258
1.0196	0.083493
1.02	0.0834603
1.0204	0.0834276
1.0208	0.083395
1.0212	0.0833624
1.0216	0.0833298
1.022	0.0832972
1.0224	0.0832647
1.0228	0.0832322
1.0232	0.0831998
1.0236	0.0831674
1.024	0.083135
1.0244	0.0831026
1.0248	0.0830703
1.0252	0.083038
1.0256	0.0830057
1.026	0.0829735
1.0264	0.0829412
1.0268	0.0829091
1.0272	0.0828769
1.0276	0.0828448
1.028	0.0828127
1.0284	0.0827807
1.0288	0.0827486
1.0292	0.0827166
1.0296	0.0826847
1.03	0.0826528
1.0304	0.0826208
1.0308	0.082589
1.0312	0.0825571
1.0316	0.0825253
1.032	0.0824936
1.0324	0.0824618
1.0328	0.0824301
1.0332	0.0823984
1.0336	0.0823667
1.034	0.0823351
1.0344	0.0823035
1.0348	0.0822719
1.0352	0.0822404
1.0356	0.0822089
1.036	0.0821774
1.0364	0.082146
1.0368	0.0821146
1.0372	0.0820832
1.0376	0.0820519
1.038	0.0820205
1.0384	0.0819892
1.0388	0.081958
1.0392	0.0819267
1.0396	0.0818955
1.04	0.0818644
1.0404	0.0818332
1.0408	0.0818021
1.0412	0.081771
1.0416	0.0817399
1.042	0.0817089
1.0424	0.0816779
1.0428	0.081647
1.0432	0.081616
1.0436	0.0815851
1.044	0.0815542
1.0444	0.0815234
1.0448	0.0814926
1.0452	0.0814618
1.0456	0.081431
1.046	0.0814003
1.0464	0.0813696
1.0468	0.0813389
1.0472	0.0813083
1.0476	0.0812776
1.048	0.0812471
1.0484	0.0812165
1.0488	0.081186
1.0492	0.0811555
1.0496	0.081125
1.05	0.0810946
1.0504	0.0810641
1.0508	0.0810338
1.0512	0.0810034
1.0516	0.0809731
1.052	0.0809428
1.0524	0.0809125
1.0528	0.0808823
1.0532	0.080852
1.0536	0.0808219
1.054	0.0807917
1.0544	0.0807616
1.0548	0.0807315
1.0552	0.0807014
1.0556	0.0806714
1.056	0.0806414
1.0564	0.0806114
1.0568	0.0805814
1.0572	0.0805515
1.0576	0.0805216
1.058	0.0804917
1.0584	0.0804619
1.0588	0.0804321
1.0592	0.0804023
1.0596	0.0803725
1.06	0.0803428
1.0604	0.0803131
1.0608	0.0802834
1.0612	0.0802538
1.0616	0.0802241
1.062	0.0801945
1.0624	0.0801649
1.0628	0.0801354
1.0632	0.0801059
1.0636	0.0800764
1.064	0.080047
1.0644	0.0800176
1.0648	0.0799881
1.0652	0.0799588
1.0656	0.0799294
1.066	0.0799001
1.0664	0.0798708
1.0668	0.0798416
1.0672	0.0798123
1.0676	0.0797831
1.068	0.079754
1.0684	0.0797248
1.0688	0.0796957
1.0692	0.0796666
1.0696	0.0796375
1.07	0.0796085
1.0704	0.0795794
1.0708	0.0795505
1.0712	0.0795215
1.0716	0.0794926
1.072	0.0794636
1.0724	0.0794348
1.0728	0.0794059
1.0732	0.0793771
1.0736	0.0793483
1.074	0.0793195
1.0744	0.0792908
1.0748	0.079262
1.0752	0.0792333
1.0756	0.0792047
1.076	0.079176
1.0764	0.0791474
1.0768	0.0791188
1.0772	0.0790903
1.0776	0.0790617
1.078	0.0790332
1.0784	0.0790047
1.0788	0.0789763
1.0792	0.0789479
1.0796	0.0789195
1.08	0.0788911
1.0804	0.0788628
1.0808	0.0788344
1.0812	0.0788061
1.0816	0.0787779
1.082	0.0787496
1.0824	0.0787214
1.0828	0.0786932
1.0832	0.078665
1.0836	0.0786369
1.084	0.0786088
1.0844	0.0785807
1.0848	0.0785526
1.0852	0.0785246
1.0856	0.0784966
1.086	0.0784686
1.0864	0.0784406
1.0868	0.0784127
1.0872	0.0783848
1.0876	0.0783569
1.088	0.0783291
1.0884	0.0783012
1.0888	0.0782734
1.0892	0.0782456
1.0896	0.0782179
1.09	0.0781902
1.0904	0.0781625
1.0908	0.0781348
1.0912	0.0781071
1.0916	0.0780795
1.092	0.0780519
1.0924	0.0780244
1.0928	0.0779968
1.0932	0.0779693
1.0936	0.0779417
1.094	0.0779143
1.0944	0.0778868
1.0948	0.0778594
1.0952	0.077832
1.0956	0.0778047
1.096	0.0777773
1.0964	0.07775
1.0968	0.0777227
1.0972	0.0776954
1.0976	0.0776682
1.098	0.0776409
1.0984	0.0776137
1.0988	0.0775866
1.0992	0.0775594
1.0996	0.0775323
1.1	0.0775052
1.1004	0.0774781
1.1008	0.0774511
1.1012	0.077424
1.1016	0.077397
1.102	0.0773701
1.1024	0.0773431
1.1028	0.0773162
1.1032	0.0772893
1.1036	0.0772624
1.104	0.0772355
1.1044	0.0772087
1.1048	0.0771819
1.1052	0.0771552
1.1056	0.0771284
1.106	0.0771016
1.1064	0.077075
1.1068	0.0770483
1.1072	0.0770216
1.1076	0.076995
1.108	0.0769684
1.1084	0.0769418
1.1088	0.0769152
1.1092	0.0768887
1.1096	0.0768622
1.11	0.0768357
1.1104	0.0768092
1.1108	0.0767828
1.1112	0.0767564
1.1116	0.07673
1.112	0.0767036
1.1124	0.0766773
1.1128	0.0766509
1.1132	0.0766247
1.1136	0.0765984
1.114	0.0765721
1.1144	0.0765459
1.1148	0.0765197
1.1152	0.0764935
1.1156	0.0764674
1.116	0.0764412
1.1164	0.0764151
1.1168	0.076389
1.1172	0.076363
1.1176	0.076337
1.118	0.0763109
1.1184	0.0762849
1.1188	0.076259
1.1192	0.076233
1.1196	0.0762071
1.12	0.0761812
1.1204	0.0761553
1.1208	0.0761295
1.1212	0.0761037
1.1216	0.0760779
1.122	0.0760521
1.1224	0.0760263
1.1228	0.0760006
1.1232	0.0759749
1.1236	0.0759492
1.124	0.0759235
1.1244	0.0758979
1.1248	0.0758723
1.1252	0.0758467
1.1256	0.0758211
1.126	0.0757956
1.1264	0.07577
1.1268	0.0757445
1.1272	0.0757191
1.1276	0.0756936
1.128	0.0756682
1.1284	0.0756427
1.1288	0.0756174
1.1292	0.075592
1.1296	0.0755667
1.13	0.0755413
1.1304	0.075516
1.1308	0.0754908
1.1312	0.0754655
1.1316	0.0754403
1.132	0.0754151
1.1324	0.0753899
1.1328	0.0753647
1.1332	0.0753396
1.1336	0.0753145
1.134	0.0752894
1.1344	0.0752643
1.1348	0.0752392
1.1352	0.0752142
1.1356	0.0751892
1.136	0.0751642
1.1364	0.0751393
1.1368	0.0751143
1.1372	0.0750894
1.1376	0.0750645
1.138	0.0750396
1.1384	0.0750148
1.1388	0.07499
1.1392	0.0749651
1.1396	0.0749404
1.14	0.0749156
1.1404	0.0748909
1.1408	0.0748661
1.1412	0.0748414
1.1416	0.0748168
1.142	0.0747921
1.1424	0.0747675
1.1428	0.0747429
1.1432	0.0747183
1.1436	0.0746937
1.144	0.0746692
1.1444	0.0746447
1.1448	0.0746202
1.1452	0.0745957
1.1456	0.0745712
1.146	0.0745468
1.1464	0.0745224
1.1468	0.074498
1.1472	0.0744736
1.1476	0.0744493
1.148	0.0744249
1.1484	0.0744006
1.1488	0.0743764
1.1492	0.0743521
1.1496	0.0743279
1.15	0.0743036
1.1504	0.0742794
1.1508	0.0742553
1.1512	0.0742311
1.1516	0.074207
1.152	0.0741829
1.1524	0.0741588
1.1528	0.0741347
1.1532	0.0741106
1.1536	0.0740866
1.154	0.0740626
1.1544	0.0740386
1.1548	0.0740146
1.1552	0.0739907
1.1556	0.0739668
1.156	0.0739429
1.1564	0.073919
1.1568	0.0738951
1.1572	0.0738713
1.1576	0.0738475
1.158	0.0738237
1.1584	0.0737999
1.1588	0.0737762
1.1592	0.0737524
1.1596	0.0737287
1.16	0.073705
1.1604	0.0736813
1.1608	0.0736577
1.1612	0.0736341
1.1616	0.0736105
1.162	0.0735869
1.1624	0.0735633
1.1628	0.0735398
1.1632	0.0735162
1.1636	0.0734927
1.164	0.0734692
1.1644	0.0734458
1.1648	0.0734223
1.1652	0.0733989
1.1656	0.0733755
1.166	0.0733521
1.1664	0.0733288
1.1668	0.0733054
1.1672	0.0732821
1.1676	0.0732588
1.168	0.0732355
1.1684	0.0732122
1.1688	0.073189
1.1692	0.0731658
1.1696	0.0731426
1.17	0.0731194
1.1704	0.0730963
1.1708	0.0730731
1.1712	0.07305
1.1716	0.0730269
1.172	0.0730038
1.1724	0.0729807
1.1728	0.0729577
1.1732	0.0729347
1.1736	0.0729117
1.174	0.0728887
1.1744	0.0728658
1.1748	0.0728428
1.1752	0.0728199
1.1756	0.072797
1.176	0.0727741
1.1764	0.0727513
1.1768	0.0727284
1.1772	0.0727056
1.1776	0.0726828
1.178	0.07266
1.1784	0.0726373
1.1788	0.0726145
1.1792	0.0725918
1.1796	0.0725691
1.18	0.0725464
1.1804	0.0725237
1.1808	0.0725011
1.1812	0.0724785
1.1816	0.0724559
1.182	0.0724333
1.1824	0.0724107
1.1828	0.0723882
1.1832	0.0723656
1.1836	0.0723431
1.184	0.0723206
1.1844	0.0722982
1.1848	0.0722757
1.1852	0.0722533
1.1856	0.0722309
1.186	0.0722085
1.1864	0.0721861
1.1868	0.0721638
1.1872	0.0721414
1.1876	0.0721191
1.188	0.0720968
1.1884	0.0720746
1.1888	0.0720523
1.1892	0.0720301
1.1896	0.0720079
1.19	0.0719857
1.1904	0.0719635
1.1908	0.0719413
1.1912	0.0719192
1.1916	0.071897
1.192	0.0718749
1.1924	0.0718529
1.1928	0.0718308
1.1932	0.0718087
1.1936	0.0717867
1.194	0.0717647
1.1944	0.0717427
1.1948	0.0717207
1.1952	0.0716988
1.1956	0.0716769
1.196	0.0716549
1.1964	0.071633
1.1968	0.0716112
1.1972	0.0715893
1.1976	0.0715675
1.198	0.0715457
1.1984	0.0715239
1.1988	0.0715021
1.1992	0.0714803
1.1996	0.0714586
1.2	0.0714368
1.2004	0.0714151
1.2008	0.0713934
1.2012	0.0713718
1.2016	0.0713501
1.202	0.0713285
1.2024	0.0713069
1.2028	0.0712853
1.2032	0.0712637
1.2036	0.0712421
1.204	0.0712206
1.2044	0.0711991
1.2048	0.0711775
1.2052	0.0711561
1.2056	0.0711346
1.206	0.0711131
1.2064	0.0710917
1.2068	0.0710703
1.2072	0.0710489
1.2076	0.0710275
1.208	0.0710061
1.2084	0.0709848
1.2088	0.0709635
1.2092	0.0709421
1.2096	0.0709209
1.21	0.0708996
1.2104	0.0708784
1.2108	0.0708571
1.2112	0.0708359
1.2116	0.0708147
1.212	0.0707935
1.2124	0.0707724
1.2128	0.0707512
1.2132	0.0707301
1.2136	0.070709
1.214	0.0706879
1.2144	0.0706668
1.2148	0.0706458
1.2152	0.0706247
1.2156	0.0706037
1.216	0.0705827
1.2164	0.0705617
1.2168	0.0705407
1.2172	0.0705198
1.2176	0.0704989
1.218	0.070478
1.2184	0.0704571
1.2188	0.0704362
1.2192	0.0704153
1.2196	0.0703945
1.22	0.0703737
1.2204	0.0703529
1.2208	0.0703321
1.2212	0.0703113
1.2216	0.0702905
1.222	0.0702698
1.2224	0.0702491
1.2228	0.0702284
1.2232	0.0702077
1.2236	0.070187
1.224	0.0701664
1.2244	0.0701457
1.2248	0.0701251
1.2252	0.0701045
1.2256	0.0700839
1.226	0.0700634
1.2264	0.0700428
1.2268	0.0700223
1.2272	0.0700018
1.2276	0.0699813
1.228	0.0699608
1.2284	0.0699404
1.2288	0.0699199
1.2292	0.0698995
1.2296	0.0698791
1.23	0.0698587
1.2304	0.0698383
1.2308	0.069818
1.2312	0.0697976
1.2316	0.0697773
1.232	0.069757
1.2324	0.0697367
1.2328	0.0697164
1.2332	0.0696962
1.2336	0.0696759
1.234	0.0696557
1.2344	0.0696355
1.2348	0.0696153
1.2352	0.0695951
1.2356	0.069575
1.236	0.0695548
1.2364	0.0695347
1.2368	0.0695146
1.2372	0.0694945
1.2376	0.0694745
1.238	0.0694544
1.2384	0.0694344
1.2388	0.0694143
1.2392	0.0693943
1.2396	0.0693743
1.24	0.0693544
1.2404	0.0693344
1.2408	0.0693145
1.2412	0.0692946
1.2416	0.0692746
1.242	0.0692548
1.2424	0.0692349
1.2428	0.069215
1.2432	0.0691952
1.2436	0.0691754
1.244	0.0691556
1.2444	0.0691358
1.2448	0.069116
1.2452	0.0690963
1.2456	0.0690765
1.246	0.0690568
1.2464	0.0690371
1.2468	0.0690174
1.2472	0.0689977
1.2476	0.0689781
1.248	0.0689584
1.2484	0.0689388
1.2488	0.0689192
1.2492	0.0688996
1.2496	0.06888
1.25	0.0688604
1.2504	0.0688409
1.2508	0.0688214
1.2512	0.0688019
1.2516	0.0687824
1.252	0.0687629
1.2524	0.0687434
1.2528	0.068724
1.2532	0.0687045
1.2536	0.0686851
1.254	0.0686657
1.2544	0.0686463
1.2548	0.068627
1.2552	0.0686076
1.2556	0.0685883
1.256	0.068569
1.2564	0.0685497
1.2568	0.0685304
1.2572	0.0685111
1.2576	0.0684918
1.258	0.0684726
1.2584	0.0684534
1.2588	0.0684342
1.2592	0.068415
1.2596	0.0683958
1.26	0.0683766
1.2604	0.0683575
1.2608	0.0683384
1.2612	0.0683192
1.2616	0.0683001
1.262	0.0682811
1.2624	0.068262
1.2628	0.0682429
1.2632	0.0682239
1.2636	0.0682049
1.264	0.0681859
1.2644	0.0681669
1.2648	0.0681479
1.2652	0.068129
1.2656	0.06811
1.266	0.0680911
1.2664	0.0680722
1.2668	0.0680533
1.2672	0.0680344
1.2676	0.0680155
1.268	0.0679967
1.2684	0.0679778
1.2688	0.067959
1.2692	0.0679402
1.2696	0.0679214
1.27	0.0679026
1.2704	0.0678839
1.2708	0.0678652
1.2712	0.0678464
1.2716	0.0678277
1.272	0.067809
1.2724	0.0677903
1.2728	0.0677717
1.2732	0.067753
1.2736	0.0677344
1.274	0.0677157
1.2744	0.0676971
1.2748	0.0676785
1.2752	0.06766
1.2756	0.0676414
1.276	0.0676229
1.2764	0.0676044
1.2768	0.0675858
1.2772	0.0675673
1.2776	0.0675488
1.278	0.0675304
1.2784	0.0675119
1.2788	0.0674935
1.2792	0.0674751
1.2796	0.0674566
1.28	0.0674382
1.2804	0.0674199
1.2808	0.0674015
1.2812	0.0673832
1.2816	0.0673648
1.282	0.0673465
1.2824	0.0673282
1.2828	0.0673099
1.2832	0.0672916
1.2836	0.0672734
1.284	0.0672551
1.2844	0.0672369
1.2848	0.0672187
1.2852	0.0672005
1.2856	0.0671823
1.286	0.0671641
1.2864	0.0671459
1.2868	0.0671278
1.2872	0.0671097
1.2876	0.0670915
1.288	0.0670735
1.2884	0.0670554
1.2888	0.0670373
1.2892	0.0670192
1.2896	0.0670012
1.29	0.0669832
1.2904	0.0669652
1.2908	0.0669472
1.2912	0.0669292
1.2916	0.0669112
1.292	0.0668932
1.2924	0.0668753
1.2928	0.0668574
1.2932	0.0668395
1.2936	0.0668216
1.294	0.0668037
1.2944	0.0667858
1.2948	0.066768
1.2952	0.0667501
1.2956	0.0667323
1.296	0.0667145
1.2964	0.0666967
1.2968	0.0666789
1.2972	0.0666612
1.2976	0.0666434
1.298	0.0666257
1.2984	0.0666079
1.2988	0.0665902
1.2992	0.0665725
1.2996	0.0665548
1.3	0.0665372
1.3004	0.0665195
1.3008	0.0665019
1.3012	0.0664843
1.3016	0.0664667
1.302	0.0664491
1.3024	0.0664315
1.3028	0.0664139
1.3032	0.0663963
1.3036	0.0663788
1.304	0.0663613
1.3044	0.0663438
1.3048	0.0663263
1.3052	0.0663088
1.3056	0.0662913
1.306	0.0662738
1.3064	0.0662564
1.3068	0.066239
1.3072	0.0662216
1.3076	0.0662042
1.308	0.0661868
1.3084	0.0661694
1.3088	0.066152
1.3092	0.0661347
1.3096	0.0661174
1.31	0.0661001
1.3104	0.0660827
1.3108	0.0660654
1.3112	0.0660482
1.3116	0.0660309
1.312	0.0660136
1.3124	0.0659964
1.3128	0.0659792
1.3132	0.065962
1.3136	0.0659448
1.314	0.0659276
1.3144	0.0659104
1.3148	0.0658933
1.3152	0.0658761
1.3156	0.065859
1.316	0.0658419
1.3164	0.0658248
1.3168	0.0658077
1.3172	0.0657906
1.3176	0.0657736
1.318	0.0657565
1.3184	0.0657395
1.3188	0.0657225
1.3192	0.0657055
1.3196	0.0656885
1.32	0.0656715
1.3204	0.0656545
1.3208	0.0656376
1.3212	0.0656207
1.3216	0.0656037
1.322	0.0655868
1.3224	0.0655699
1.3228	0.065553
1.3232	0.0655362
1.3236	0.0655193
1.324	0.0655025
1.3244	0.0654856
1.3248	0.0654688
1.3252	0.065452
1.3256	0.0654352
1.326	0.0654184
1.3264	0.0654017
1.3268	0.0653849
1.3272	0.0653682
1.3276	0.0653515
1.328	0.0653348
1.3284	0.0653181
1.3288	0.0653014
1.3292	0.0652847
1.3296	0.065268
1.33	0.0652514
1.3304	0.0652348
1.3308	0.0652182
1.3312	0.0652015
1.3316	0.065185
1.332	0.0651684
1.3324	0.0651518
1.3328	0.0651352
1.3332	0.0651187
1.3336	0.0651022
1.334	0.0650857
1.3344	0.0650691
1.3348	0.0650527
1.3352	0.0650362
1.3356	0.0650197
1.336	0.0650033
1.3364	0.0649868
1.3368	0.0649704
1.3372	0.064954
1.3376	0.0649376
1.338	0.0649212
1.3384	0.0649048
1.3388	0.0648885
1.3392	0.0648721
1.3396	0.0648558
1.34	0.0648395
1.3404	0.0648232
1.3408	0.0648068
1.3412	0.0647906
1.3416	0.0647743
1.342	0.064758
1.3424	0.0647418
1.3428	0.0647256
1.3432	0.0647093
1.3436	0.0646931
1.344	0.0646769
1.3444	0.0646607
1.3448	0.0646446
1.3452	0.0646284
1.3456	0.0646123
1.346	0.0645961
1.3464	0.06458
1.3468	0.0645639
1.3472	0.0645478
1.3476	0.0645317
1.348	0.0645157
1.3484	0.0644996
1.3488	0.0644836
1.3492	0.0644675
1.3496	0.0644515
1.35	0.0644355
1.3504	0.0644195
1.3508	0.0644035
1.3512	0.0643875
1.3516	0.0643716
1.352	0.0643556
1.3524	0.0643397
1.3528	0.0643238
1.3532	0.0643079
1.3536	0.064292
1.354	0.0642761
1.3544	0.0642602
1.3548	0.0642444
1.3552	0.0642285
1.3556	0.0642127
1.356	0.0641969
1.3564	0.0641811
1.3568	0.0641653
1.3572	0.0641495
1.3576	0.0641337
1.358	0.064118
1.3584	0.0641022
1.3588	0.0640865
1.3592	0.0640707
1.3596	0.064055
1.36	0.0640393
1.3604	0.0640236
1.3608	0.064008
1.3612	0.0639923
1.3616	0.0639767
1.362	0.063961
1.3624	0.0639454
1.3628	0.0639298
1.3632	0.0639142
1.3636	0.0638986
1.364	0.063883
1.3644	0.0638674
1.3648	0.0638519
1.3652	0.0638363
1.3656	0.0638208
1.366	0.0638053
1.3664	0.0637898
1.3668	0.0637743
1.3672	0.0637588
1.3676	0.0637433
1.368	0.0637279
1.3684	0.0637124
1.3688	0.063697
1.3692	0.0636816
1.3696	0.0636661
1.37	0.0636507
1.3704	0.0636353
1.3708	0.06362
1.3712	0.0636046
1.3716	0.0635893
1.372	0.0635739
1.3724	0.0635586
1.3728	0.0635433
1.3732	0.063528
1.3736	0.0635127
1.374	0.0634974
1.3744	0.0634821
1.3748	0.0634669
1.3752	0.0634516
1.3756	0.0634364
1.376	0.0634211
1.3764	0.0634059
1.3768	0.0633907
1.3772	0.0633755
1.3776	0.0633604
1.378	0.0633452
1.3784	0.06333
1.3788	0.0633149
1.3792	0.0632998
1.3796	0.0632847
1.38	0.0632695
1.3804	0.0632544
1.3808	0.0632394
1.3812	0.0632243
1.3816	0.0632092
1.382	0.0631942
1.3824	0.0631791
1.3828	0.0631641
1.3832	0.0631491
1.3836	0.0631341
1.384	0.0631191
1.3844	0.0631041
1.3848	0.0630891
1.3852	0.0630742
1.3856	0.0630592
1.386	0.0630443
1.3864	0.0630294
1.3868	0.0630145
1.3872	0.0629996
1.3876	0.0629847
1.388	0.0629698
1.3884	0.0629549
1.3888	0.0629401
1.3892	0.0629252
1.3896	0.0629104
1.39	0.0628956
1.3904	0.0628808
1.3908	0.062866
1.3912	0.0628512
1.3916	0.0628364
1.392	0.0628216
1.3924	0.0628069
1.3928	0.0627921
1.3932	0.0627774
1.3936	0.0627627
1.394	0.062748
1.3944	0.0627333
1.3948	0.0627186
1.3952	0.0627039
1.3956	0.0626892
1.396	0.0626746
1.3964	0.0626599
1.3968	0.0626453
1.3972	0.0626307
1.3976	0.0626161
1.398	0.0626015
1.3984	0.0625869
1.3988	0.0625723
1.3992	0.0625577
1.3996	0.0625432
1.4	0.0625286
1.4004	0.0625141
1.4008	0.0624996
1.4012	0.0624851
1.4016	0.0624706
1.402	0.0624561
1.4024	0.0624416
1.4028	0.0624271
1.4032	0.0624127
1.4036	0.0623982
1.404	0.0623838
1.4044	0.0623694
1.4048	0.062355
1.4052	0.0623406
1.4056	0.0623262
1.406	0.0623118
1.4064	0.0622974
1.4068	0.0622831
1.4072	0.0622687
1.4076	0.0622544
1.408	0.06224
1.4084	0.0622257
1.4088	0.0622114
1.4092	0.0621971
1.4096	0.0621828
1.41	0.0621686
1.4104	0.0621543
1.4108	0.0621401
1.4112	0.0621258
1.4116	0.0621116
1.412	0.0620974
1.4124	0.0620832
1.4128	0.062069
1.4132	0.0620548
1.4136	0.0620406
1.414	0.0620264
1.4144	0.0620123
1.4148	0.0619981
1.4152	0.061984
1.4156	0.0619699
1.416	0.0619557
1.4164	0.0619416
1.4168	0.0619275
1.4172	0.0619135
1.4176	0.0618994
1.418	0.0618853
1.4184	0.0618713
1.4188	0.0618572
1.4192	0.0618432
1.4196	0.0618292
1.42	0.0618152
1.4204	0.0618012
1.4208	0.0617872
1.4212	0.0617732
1.4216	0.0617593
1.422	0.0617453
1.4224	0.0617314
1.4228	0.0617174
1.4232	0.0617035
1.4236	0.0616896
1.424	0.0616757
1.4244	0.0616618
1.4248	0.0616479
1.4252	0.061634
1.4256	0.0616202
1.426	0.0616063
1.4264	0.0615925
1.4268	0.0615786
1.4272	0.0615648
1.4276	0.061551
1.428	0.0615372
1.4284	0.0615234
1.4288	0.0615097
1.4292	0.0614959
1.4296	0.0614821
1.43	0.0614684
1.4304	0.0614546
1.4308	0.0614409
1.4312	0.0614272
1.4316	0.0614135
1.432	0.0613998
1.4324	0.0613861
1.4328	0.0613724
1.4332	0.0613587
1.4336	0.0613451
1.434	0.0613314
1.4344	0.0613178
1.4348	0.0613042
1.4352	0.0612905
1.4356	0.0612769
1.436	0.0612633
1.4364	0.0612498
1.4368	0.0612362
1.4372	0.0612226
1.4376	0.061209
1.438	0.0611955
1.4384	0.061182
1.4388	0.0611684
1.4392	0.0611549
1.4396	0.0611414
1.44	0.0611279
1.4404	0.0611144
1.4408	0.061101
1.4412	0.0610875
1.4416	0.061074
1.442	0.0610606
1.4424	0.0610471
1.4428	0.0610337
1.4432	0.0610203
1.4436	0.0610069
1.444	0.0609935
1.4444	0.0609801
1.4448	0.0609667
1.4452	0.0609533
1.4456	0.06094
1.446	0.0609266
1.4464	0.0609133
1.4468	0.0609
1.4472	0.0608867
1.4476	0.0608733
1.448	0.06086
1.4484	0.0608468
1.4488	0.0608335
1.4492	0.0608202
1.4496	0.0608069
1.45	0.0607937
1.4504	0.0607804
1.4508	0.0607672
1.4512	0.060754
1.4516	0.0607408
1.452	0.0607276
1.4524	0.0607144
1.4528	0.0607012
1.4532	0.0606881
1.4536	0.0606749
1.454	0.0606617
1.4544	0.0606486
1.4548	0.0606354
1.4552	0.0606223
1.4556	0.0606092
1.456	0.0605961
1.4564	0.060583
1.4568	0.0605699
1.4572	0.0605568
1.4576	0.0605438
1.458	0.0605307
1.4584	0.0605177
1.4588	0.0605046
1.4592	0.0604916
1.4596	0.0604786
1.46	0.0604656
1.4604	0.0604526
1.4608	0.0604396
1.4612	0.0604266
1.4616	0.0604136
1.462	0.0604007
1.4624	0.0603877
1.4628	0.0603748
1.4632	0.0603618
1.4636	0.0603489
1.464	0.060336
1.4644	0.0603231
1.4648	0.0603102
1.4652	0.0602973
1.4656	0.0602844
1.466	0.0602715
1.4664	0.0602587
1.4668	0.0602458
1.4672	0.060233
1.4676	0.0602202
1.468	0.0602073
1.4684	0.0601945
1.4688	0.0601817
1.4692	0.0601689
1.4696	0.0601561
1.47	0.0601434
1.4704	0.0601306
1.4708	0.0601178
1.4712	0.0601051
1.4716	0.0600924
1.472	0.0600796
1.4724	0.0600669
1.4728	0.0600542
1.4732	0.0600415
1.4736	0.0600288
1.474	0.0600161
1.4744	0.0600035
1.4748	0.0599908
1.4752	0.0599781
1.4756	0.0599655
1.476	0.0599528
1.4764	0.0599402
1.4768	0.0599276
1.4772	0.059915
1.4776	0.0599024
1.478	0.0598898
1.4784	0.0598772
1.4788	0.0598646
1.4792	0.0598521
1.4796	0.0598395
1.48	0.059827
1.4804	0.0598144
1.4808	0.0598019
1.4812	0.0597894
1.4816	0.0597769
1.482	0.0597644
1.4824	0.0597519
1.4828	0.0597394
1.4832	0.059727
1.4836	0.0597145
1.484	0.059702
1.4844	0.0596896
1.4848	0.0596771
1.4852	0.0596647
1.4856	0.0596523
1.486	0.0596399
1.4864	0.0596275
1.4868	0.0596151
1.4872	0.0596027
1.4876	0.0595903
1.488	0.059578
1.4884	0.0595656
1.4888	0.0595533
1.4892	0.0595409
1.4896	0.0595286
1.49	0.0595163
1.4904	0.0595039
1.4908	0.0594917
1.4912	0.0594794
1.4916	0.0594671
1.492	0.0594548
1.4924	0.0594425
1.4928	0.0594303
1.4932	0.059418
1.4936	0.0594058
1.494	0.0593935
1.4944	0.0593813
1.4948	0.0593691
1.4952	0.0593569
1.4956	0.0593447
1.496	0.0593325
1.4964	0.0593203
1.4968	0.0593082
1.4972	0.059296
1.4976	0.0592838
1.498	0.0592717
1.4984	0.0592595
1.4988	0.0592474
1.4992	0.0592353
1.4996	0.0592232
1.5	0.0592111
1.5004	0.059199
1.5008	0.0591869
1.5012	0.0591748
1.5016	0.0591628
1.502	0.0591507
1.5024	0.0591386
1.5028	0.0591266
1.5032	0.0591146
1.5036	0.0591025
1.504	0.0590905
1.5044	0.0590785
1.5048	0.0590665
1.5052	0.0590545
1.5056	0.0590426
1.506	0.0590306
1.5064	0.0590186
1.5068	0.0590067
1.5072	0.0589947
1.5076	0.0589828
1.508	0.0589708
1.5084	0.0589589
1.5088	0.058947
1.5092	0.0589351
1.5096	0.0589232
1.51	0.0589113
1.5104	0.0588994
1.5108	0.0588875
1.5112	0.0588757
1.5116	0.0588638
1.512	0.058852
1.5124	0.0588402
1.5128	0.0588283
1.5132	0.0588165
1.5136	0.0588047
1.514	0.0587929
1.5144	0.0587811
1.5148	0.0587693
1.5152	0.0587575
1.5156	0.0587457
1.516	0.058734
1.5164	0.0587222
1.5168	0.0587105
1.5172	0.0586988
1.5176	0.058687
1.518	0.0586753
1.5184	0.0586636
1.5188	0.0586519
1.5192	0.0586402
1.5196	0.0586285
1.52	0.0586168
1.5204	0.0586052
1.5208	0.0585935
1.5212	0.0585818
1.5216	0.0585702
1.522	0.0585585
1.5224	0.0585469
1.5228	0.0585353
1.5232	0.0585237
1.5236	0.0585121
1.524	0.0585005
1.5244	0.0584889
1.5248	0.0584773
1.5252	0.0584657
1.5256	0.0584542
1.526	0.0584426
1.5264	0.0584311
1.5268	0.0584195
1.5272	0.058408
1.5276	0.0583965
1.528	0.0583849
1.5284	0.0583734
1.5288	0.058362
1.5292	0.0583505
1.5296	0.058339
1.53	0.0583275
1.5304	0.058316
1.5308	0.0583046
1.5312	0.0582931
1.5316	0.0582817
1.532	0.0582702
1.5324	0.0582588
1.5328	0.0582474
1.5332	0.058236
1.5336	0.0582246
1.534	0.0582132
1.5344	0.0582018
1.5348	0.0581904
1.5352	0.0581791
1.5356	0.0581677
1.536	0.0581563
1.5364	0.058145
1.5368	0.0581337
1.5372	0.0581223
1.5376	0.058111
1.538	0.0580997
1.5384	0.0580884
1.5388	0.0580771
1.5392	0.0580658
1.5396	0.0580545
1.54	0.0580432
1.5404	0.058032
1.5408	0.0580207
1.5412	0.0580094
1.5416	0.0579982
1.542	0.057987
1.5424	0.0579757
1.5428	0.0579645
1.5432	0.0579533
1.5436	0.0579421
1.544	0.0579309
1.5444	0.0579197
1.5448	0.0579085
1.5452	0.0578974
1.5456	0.0578862
1.546	0.057875
1.5464	0.0578639
1.5468	0.0578527
1.5472	0.0578416
1.5476	0.0578305
1.548	0.0578194
1.5484	0.0578082
1.5488	0.0577972
1.5492	0.0577861
1.5496	0.057775
1.55	0.0577639
1.5504	0.0577528
1.5508	0.0577418
1.5512	0.0577307
1.5516	0.0577197
1.552	0.0577086
1.5524	0.0576976
1.5528	0.0576865
1.5532	0.0576755
1.5536	0.0576645
1.554	0.0576535
1.5544	0.0576425
1.5548	0.0576315
1.5552	0.0576206
1.5556	0.0576096
1.556	0.0575986
1.5564	0.0575877
1.5568	0.0575767
1.5572	0.0575658
1.5576	0.0575548
1.558	0.0575439
1.5584	0.057533
1.5588	0.0575221
1.5592	0.0575112
1.5596	0.0575003
1.56	0.0574894
1.5604	0.0574785
1.5608	0.0574676
1.5612	0.0574568
1.5616	0.0574459
1.562	0.0574351
1.5624	0.0574242
1.5628	0.0574134
1.5632	0.0574026
1.5636	0.0573917
1.564	0.0573809
1.5644	0.0573701
1.5648	0.0573593
1.5652	0.0573485
1.5656	0.0573377
1.566	0.057327
1.5664	0.0573162
1.5668	0.0573054
1.5672	0.0572947
1.5676	0.0572839
1.568	0.0572732
1.5684	0.0572625
1.5688	0.0572517
1.5692	0.057241
1.5696	0.0572303
1.57	0.0572196
1.5704	0.0572089
1.5708	0.0571982
1.5712	0.0571875
1.5716	0.0571769
1.572	0.0571662
1.5724	0.0571555
1.5728	0.0571449
1.5732	0.0571343
1.5736	0.0571236
1.574	0.057113
1.5744	0.0571024
1.5748	0.0570918
1.5752	0.0570811
1.5756	0.0570705
1.576	0.05706
1.5764	0.0570494
1.5768	0.0570388
1.5772	0.0570282
1.5776	0.0570177
1.578	0.0570071
1.5784	0.0569966
1.5788	0.056986
1.5792	0.0569755
1.5796	0.0569649
1.58	0.0569544
1.5804	0.0569439
1.5808	0.0569334
1.5812	0.0569229
1.5816	0.0569124
1.582	0.0569019
1.5824	0.0568915
1.5828	0.056881
1.5832	0.0568705
1.5836	0.0568601
1.584	0.0568496
1.5844	0.0568392
1.5848	0.0568288
1.5852	0.0568183
1.5856	0.0568079
1.586	0.0567975
1.5864	0.0567871
1.5868	0.0567767
1.5872	0.0567663
1.5876	0.0567559
1.588	0.0567456
1.5884	0.0567352
1.5888	0.0567248
1.5892	0.0567144
1.5896	0.0567041
1.59	0.0566938
1.5904	0.0566834
1.5908	0.0566731
1.5912	0.0566628
1.5916	0.0566525
1.592	0.0566422
1.5924	0.0566319
1.5928	0.0566216
1.5932	0.0566113
1.5936	0.056601
1.594	0.0565908
1.5944	0.0565805
1.5948	0.0565702
1.5952	0.05656
1.5956	0.0565497
1.596	0.0565395
1.5964	0.0565293
1.5968	0.0565191
1.5972	0.0565088
1.5976	0.0564986
1.598	0.0564884
1.5984	0.0564782
1.5988	0.056468
1.5992	0.0564579
1.5996	0.0564477
1.6	0.0564375
1.6004	0.0564274
1.6008	0.0564172
1.6012	0.0564071
1.6016	0.0563969
1.602	0.0563868
1.6024	0.0563767
1.6028	0.0563666
1.6032	0.0563565
1.6036	0.0563463
1.604	0.0563363
1.6044	0.0563262
1.6048	0.0563161
1.6052	0.056306
1.6056	0.0562959
1.606	0.0562859
1.6064	0.0562758
1.6068	0.0562658
1.6072	0.0562557
1.6076	0.0562457
1.608	0.0562357
1.6084	0.0562256
1.6088	0.0562156
1.6092	0.0562056
1.6096	0.0561956
1.61	0.0561856
1.6104	0.0561756
1.6108	0.0561656
1.6112	0.0561557
1.6116	0.0561457
1.612	0.0561357
1.6124	0.0561258
1.6128	0.0561158
1.6132	0.0561059
1.6136	0.0560959
1.614	0.056086
1.6144	0.0560761
1.6148	0.0560662
1.6152	0.0560563
1.6156	0.0560464
1.616	0.0560365
1.6164	0.0560266
1.6168	0.0560167
1.6172	0.0560068
1.6176	0.055997
1.618	0.0559871
1.6184	0.0559773
1.6188	0.0559674
1.6192	0.0559576
1.6196	0.0559477
1.62	0.0559379
1.6204	0.0559281
1.6208	0.0559183
1.6212	0.0559085
1.6216	0.0558987
1.622	0.0558889
1.6224	0.0558791
1.6228	0.0558693
1.6232	0.0558595
1.6236	0.0558498
1.624	0.05584
1.6244	0.0558302
1.6248	0.0558205
1.6252	0.0558108
1.6256	0.055801
1.626	0.0557913
1.6264	0.0557816
1.6268	0.0557718
1.6272	0.0557621
1.6276	0.0557524
1.628	0.0557427
1.6284	0.055733
1.6288	0.0557234
1.6292	0.0557137
1.6296	0.055704
1.63	0.0556943
1.6304	0.0556847
1.6308	0.055675
1.6312	0.0556654
1.6316	0.0556558
1.632	0.0556461
1.6324	0.0556365
1.6328	0.0556269
1.6332	0.0556173
1.6336	0.0556077
1.634	0.0555981
1.6344	0.0555885
1.6348	0.0555789
1.6352	0.0555693
1.6356	0.0555597
1.636	0.0555502
1.6364	0.0555406
1.6368	0.055531
1.6372	0.0555215
1.6376	0.055512
1.638	0.0555024
1.6384	0.0554929
1.6388	0.0554834
1.6392	0.0554738
1.6396	0.0554643
1.64	0.0554549
1.6404	0.0554453
1.6408	0.0554359
1.6412	0.0554264
1.6416	0.0554169
1.642	0.0554074
1.6424	0.0553979
1.6428	0.0553885
1.6432	0.055379
1.6436	0.0553696
1.644	0.0553601
1.6444	0.0553507
1.6448	0.0553413
1.6452	0.0553319
1.6456	0.0553224
1.646	0.0553131
1.6464	0.0553036
1.6468	0.0552942
1.6472	0.0552849
1.6476	0.0552755
1.648	0.0552661
1.6484	0.0552567
1.6488	0.0552474
1.6492	0.055238
1.6496	0.0552286
1.65	0.0552193
1.6504	0.0552099
1.6508	0.0552006
1.6512	0.0551913
1.6516	0.055182
1.652	0.0551727
1.6524	0.0551633
1.6528	0.055154
1.6532	0.0551447
1.6536	0.0551355
1.654	0.0551262
1.6544	0.0551169
1.6548	0.0551076
1.6552	0.0550983
1.6556	0.0550891
1.656	0.0550798
1.6564	0.0550706
1.6568	0.0550613
1.6572	0.0550521
1.6576	0.0550429
1.658	0.0550337
1.6584	0.0550244
1.6588	0.0550152
1.6592	0.055006
1.6596	0.0549968
1.66	0.0549876
1.6604	0.0549784
1.6608	0.0549693
1.6612	0.0549601
1.6616	0.0549509
1.662	0.0549417
1.6624	0.0549326
1.6628	0.0549234
1.6632	0.0549143
1.6636	0.0549052
1.664	0.054896
1.6644	0.0548869
1.6648	0.0548778
1.6652	0.0548687
1.6656	0.0548595
1.666	0.0548504
1.6664	0.0548414
1.6668	0.0548322
1.6672	0.0548232
1.6676	0.0548141
1.668	0.054805
1.6684	0.054796
1.6688	0.0547869
1.6692	0.0547778
1.6696	0.0547688
1.67	0.0547598
1.6704	0.0547507
1.6708	0.0547417
1.6712	0.0547327
1.6716	0.0547236
1.672	0.0547146
1.6724	0.0547056
1.6728	0.0546966
1.6732	0.0546876
1.6736	0.0546786
1.674	0.0546696
1.6744	0.0546607
1.6748	0.0546517
1.6752	0.0546427
1.6756	0.0546338
1.676	0.0546248
1.6764	0.0546159
1.6768	0.0546069
1.6772	0.054598
1.6776	0.0545891
1.678	0.0545801
1.6784	0.0545712
1.6788	0.0545623
1.6792	0.0545534
1.6796	0.0545445
1.68	0.0545356
1.6804	0.0545267
1.6808	0.0545178
1.6812	0.0545089
1.6816	0.0545001
1.682	0.0544912
1.6824	0.0544823
1.6828	0.0544735
1.6832	0.0544646
1.6836	0.0544558
1.684	0.054447
1.6844	0.0544381
1.6848	0.0544293
1.6852	0.0544205
1.6856	0.0544117
1.686	0.0544029
1.6864	0.054394
1.6868	0.0543853
1.6872	0.0543765
1.6876	0.0543677
1.688	0.0543589
1.6884	0.0543501
1.6888	0.0543414
1.6892	0.0543326
1.6896	0.0543238
1.69	0.0543151
1.6904	0.0543063
1.6908	0.0542976
1.6912	0.0542889
1.6916	0.0542801
1.692	0.0542714
1.6924	0.0542627
1.6928	0.054254
1.6932	0.0542453
1.6936	0.0542366
1.694	0.0542279
1.6944	0.0542192
1.6948	0.0542105
1.6952	0.0542018
1.6956	0.0541932
1.696	0.0541845
1.6964	0.0541758
1.6968	0.0541672
1.6972	0.0541585
1.6976	0.0541499
1.698	0.0541412
1.6984	0.0541326
1.6988	0.054124
1.6992	0.0541154
1.6996	0.0541067
1.7	0.0540981
1.7004	0.0540895
1.7008	0.0540809
1.7012	0.0540723
1.7016	0.0540637
1.702	0.0540552
1.7024	0.0540466
1.7028	0.054038
1.7032	0.0540294
1.7036	0.0540209
1.704	0.0540123
1.7044	0.0540038
1.7048	0.0539952
1.7052	0.0539867
1.7056	0.0539782
1.706	0.0539696
1.7064	0.0539611
1.7068	0.0539526
1.7072	0.0539441
1.7076	0.0539356
1.708	0.0539271
1.7084	0.0539186
1.7088	0.0539101
1.7092	0.0539016
1.7096	0.0538931
1.71	0.0538847
1.7104	0.0538762
1.7108	0.0538677
1.7112	0.0538593
1.7116	0.0538508
1.712	0.0538424
1.7124	0.053834
1.7128	0.0538255
1.7132	0.0538171
1.7136	0.0538087
1.714	0.0538002
1.7144	0.0537918
1.7148	0.0537834
1.7152	0.053775
1.7156	0.0537667
1.716	0.0537582
1.7164	0.0537499
1.7168	0.0537415
1.7172	0.0537331
1.7176	0.0537247
1.718	0.0537164
1.7184	0.053708
1.7188	0.0536997
1.7192	0.0536913
1.7196	0.053683
1.72	0.0536746
1.7204	0.0536663
1.7208	0.053658
1.7212	0.0536496
1.7216	0.0536413
1.722	0.053633
1.7224	0.0536247
1.7228	0.0536164
1.7232	0.0536081
1.7236	0.0535998
1.724	0.0535916
1.7244	0.0535833
1.7248	0.053575
1.7252	0.0535667
1.7256	0.0535585
1.726	0.0535502
1.7264	0.053542
1.7268	0.0535337
1.7272	0.0535255
1.7276	0.0535173
1.728	0.053509
1.7284	0.0535008
1.7288	0.0534926
1.7292	0.0534844
1.7296	0.0534762
1.73	0.0534679
1.7304	0.0534597
1.7308	0.0534515
1.7312	0.0534434
1.7316	0.0534352
1.732	0.053427
1.7324	0.0534188
1.7328	0.0534107
1.7332	0.0534025
1.7336	0.0533944
1.734	0.0533862
1.7344	0.053378
1.7348	0.0533699
1.7352	0.0533618
1.7356	0.0533537
1.736	0.0533455
1.7364	0.0533374
1.7368	0.0533293
1.7372	0.0533212
1.7376	0.0533131
1.738	0.053305
1.7384	0.0532969
1.7388	0.0532888
1.7392	0.0532807
1.7396	0.0532726
1.74	0.0532645
1.7404	0.0532565
1.7408	0.0532484
1.7412	0.0532404
1.7416	0.0532323
1.742	0.0532243
1.7424	0.0532162
1.7428	0.0532082
1.7432	0.0532001
1.7436	0.0531921
1.744	0.0531841
1.7444	0.0531761
1.7448	0.053168
1.7452	0.0531601
1.7456	0.0531521
1.746	0.0531441
1.7464	0.053136
1.7468	0.0531281
1.7472	0.0531201
1.7476	0.0531121
1.748	0.0531041
1.7484	0.0530962
1.7488	0.0530882
1.7492	0.0530803
1.7496	0.0530723
1.75	0.0530644
1.7504	0.0530564
1.7508	0.0530485
1.7512	0.0530405
1.7516	0.0530326
1.752	0.0530247
1.7524	0.0530168
1.7528	0.0530089
1.7532	0.053001
1.7536	0.0529931
1.754	0.0529852
1.7544	0.0529773
1.7548	0.0529694
1.7552	0.0529615
1.7556	0.0529536
1.756	0.0529458
1.7564	0.0529379
1.7568	0.05293
1.7572	0.0529222
1.7576	0.0529143
1.758	0.0529065
1.7584	0.0528986
1.7588	0.0528908
1.7592	0.052883
1.7596	0.0528751
1.76	0.0528673
1.7604	0.0528595
1.7608	0.0528517
1.7612	0.0528439
1.7616	0.0528361
1.762	0.0528283
1.7624	0.0528205
1.7628	0.0528127
1.7632	0.0528049
1.7636	0.0527972
1.764	0.0527894
1.7644	0.0527816
1.7648	0.0527739
1.7652	0.0527661
1.7656	0.0527584
1.766	0.0527506
1.7664	0.0527429
1.7668	0.0527351
1.7672	0.0527274
1.7676	0.0527196
1.768	0.0527119
1.7684	0.0527042
1.7688	0.0526965
1.7692	0.0526888
1.7696	0.0526811
1.77	0.0526734
1.7704	0.0526657
1.7708	0.052658
1.7712	0.0526503
1.7716	0.0526426
1.772	0.052635
1.7724	0.0526273
1.7728	0.0526196
1.7732	0.052612
1.7736	0.0526043
1.774	0.0525967
1.7744	0.052589
1.7748	0.0525814
1.7752	0.0525737
1.7756	0.0525661
1.776	0.0525585
1.7764	0.0525509
1.7768	0.0525432
1.7772	0.0525356
1.7776	0.052528
1.778	0.0525204
1.7784	0.0525128
1.7788	0.0525052
1.7792	0.0524976
1.7796	0.05249
1.78	0.0524825
1.7804	0.0524749
1.7808	0.0524673
1.7812	0.0524598
1.7816	0.0524522
1.782	0.0524447
1.7824	0.0524371
1.7828	0.0524295
1.7832	0.052422
1.7836	0.0524145
1.784	0.0524069
1.7844	0.0523994
1.7848	0.0523919
1.7852	0.0523844
1.7856	0.0523769
1.786	0.0523694
1.7864	0.0523619
1.7868	0.0523543
1.7872	0.0523469
1.7876	0.0523394
1.788	0.0523319
1.7884	0.0523244
1.7888	0.0523169
1.7892	0.0523095
1.7896	0.052302
1.79	0.0522945
1.7904	0.0522871
1.7908	0.0522796
1.7912	0.0522722
1.7916	0.0522647
1.792	0.0522573
1.7924	0.0522499
1.7928	0.0522424
1.7932	0.052235
1.7936	0.0522276
1.794	0.0522202
1.7944	0.0522128
1.7948	0.0522054
1.7952	0.0521979
1.7956	0.0521905
1.796	0.0521832
1.7964	0.0521758
1.7968	0.0521684
1.7972	0.052161
1.7976	0.0521536
1.798	0.0521463
1.7984	0.0521389
1.7988	0.0521315
1.7992	0.0521242
1.7996	0.0521168
1.8	0.0521095
1.8004	0.0521022
1.8008	0.0520948
1.8012	0.0520875
1.8016	0.0520802
1.802	0.0520728
1.8024	0.0520655
1.8028	0.0520582
1.8032	0.0520509
1.8036	0.0520436
1.804	0.0520363
1.8044	0.052029
1.8048	0.0520217
1.8052	0.0520144
1.8056	0.0520071
1.806	0.0519999
1.8064	0.0519926
1.8068	0.0519853
1.8072	0.051978
1.8076	0.0519708
1.808	0.0519635
1.8084	0.0519563
1.8088	0.051949
1.8092	0.0519418
1.8096	0.0519346
1.81	0.0519273
1.8104	0.0519201
1.8108	0.0519129
1.8112	0.0519056
1.8116	0.0518984
1.812	0.0518912
1.8124	0.051884
1.8128	0.0518768
1.8132	0.0518696
1.8136	0.0518624
1.814	0.0518552
1.8144	0.051848
1.8148	0.0518409
1.8152	0.0518337
1.8156	0.0518265
1.816	0.0518194
1.8164	0.0518122
1.8168	0.051805
1.8172	0.0517979
1.8176	0.0517907
1.818	0.0517836
1.8184	0.0517764
1.8188	0.0517693
1.8192	0.0517622
1.8196	0.0517551
1.82	0.0517479
1.8204	0.0517408
1.8208	0.0517337
1.8212	0.0517266
1.8216	0.0517195
1.822	0.0517124
1.8224	0.0517053
1.8228	0.0516982
1.8232	0.0516911
1.8236	0.051684
1.824	0.051677
1.8244	0.0516699
1.8248	0.0516628
1.8252	0.0516557
1.8256	0.0516487
1.826	0.0516416
1.8264	0.0516346
1.8268	0.0516275
1.8272	0.0516205
1.8276	0.0516134
1.828	0.0516064
1.8284	0.0515994
1.8288	0.0515923
1.8292	0.0515853
1.8296	0.0515783
1.83	0.0515713
1.8304	0.0515643
1.8308	0.0515573
1.8312	0.0515503
1.8316	0.0515433
1.832	0.0515363
1.8324	0.0515293
1.8328	0.0515223
1.8332	0.0515153
1.8336	0.0515084
1.834	0.0515014
1.8344	0.0514944
1.8348	0.0514875
1.8352	0.0514805
1.8356	0.0514736
1.836	0.0514666
1.8364	0.0514597
1.8368	0.0514527
1.8372	0.0514458
1.8376	0.0514388
1.838	0.0514319
1.8384	0.051425
1.8388	0.0514181
1.8392	0.0514112
1.8396	0.0514042
1.84	0.0513974
1.8404	0.0513904
1.8408	0.0513835
1.8412	0.0513767
1.8416	0.0513698
1.842	0.0513629
1.8424	0.051356
1.8428	0.0513491
1.8432	0.0513422
1.8436	0.0513354
1.844	0.0513285
1.8444	0.0513217
1.8448	0.0513148
1.8452	0.0513079
1.8456	0.0513011
1.846	0.0512943
1.8464	0.0512874
1.8468	0.0512806
1.8472	0.0512737
1.8476	0.0512669
1.848	0.0512601
1.8484	0.0512533
1.8488	0.0512465
1.8492	0.0512397
1.8496	0.0512329
1.85	0.051226
1.8504	0.0512192
1.8508	0.0512124
1.8512	0.0512057
1.8516	0.0511989
1.852	0.0511921
1.8524	0.0511853
1.8528	0.0511785
1.8532	0.0511718
1.8536	0.051165
1.854	0.0511582
1.8544	0.0511515
1.8548	0.0511447
1.8552	0.051138
1.8556	0.0511312
1.856	0.0511245
1.8564	0.0511178
1.8568	0.051111
1.8572	0.0511043
1.8576	0.0510976
1.858	0.0510909
1.8584	0.0510842
1.8588	0.0510774
1.8592	0.0510707
1.8596	0.051064
1.86	0.0510573
1.8604	0.0510506
1.8608	0.0510439
1.8612	0.0510373
1.8616	0.0510306
1.862	0.0510239
1.8624	0.0510172
1.8628	0.0510105
1.8632	0.0510039
1.8636	0.0509972
1.864	0.0509906
1.8644	0.0509839
1.8648	0.0509773
1.8652	0.0509706
1.8656	0.050964
1.866	0.0509573
1.8664	0.0509507
1.8668	0.0509441
1.8672	0.0509374
1.8676	0.0509308
1.868	0.0509242
1.8684	0.0509176
1.8688	0.050911
1.8692	0.0509044
1.8696	0.0508977
1.87	0.0508912
1.8704	0.0508846
1.8708	0.050878
1.8712	0.0508714
1.8716	0.0508648
1.872	0.0508582
1.8724	0.0508516
1.8728	0.0508451
1.8732	0.0508385
1.8736	0.0508319
1.874	0.0508254
1.8744	0.0508188
1.8748	0.0508123
1.8752	0.0508057
1.8756	0.0507992
1.876	0.0507926
1.8764	0.0507861
1.8768	0.0507796
1.8772	0.0507731
1.8776	0.0507665
1.878	0.05076
1.8784	0.0507535
1.8788	0.050747
1.8792	0.0507405
1.8796	0.050734
1.88	0.0507275
1.8804	0.050721
1.8808	0.0507145
1.8812	0.050708
1.8816	0.0507015
1.882	0.050695
1.8824	0.0506886
1.8828	0.0506821
1.8832	0.0506756
1.8836	0.0506691
1.884	0.0506627
1.8844	0.0506562
1.8848	0.0506498
1.8852	0.0506433
1.8856	0.0506369
1.886	0.0506304
1.8864	0.050624
1.8868	0.0506176
1.8872	0.0506111
1.8876	0.0506047
1.888	0.0505983
1.8884	0.0505919
1.8888	0.0505855
1.8892	0.050579
1.8896	0.0505726
1.89	0.0505662
1.8904	0.0505598
1.8908	0.0505534
1.8912	0.050547
1.8916	0.0505407
1.892	0.0505343
1.8924	0.0505279
1.8928	0.0505215
1.8932	0.0505151
1.8936	0.0505088
1.894	0.0505024
1.8944	0.0504961
1.8948	0.0504897
1.8952	0.0504833
1.8956	0.050477
1.896	0.0504707
1.8964	0.0504643
1.8968	0.050458
1.8972	0.0504516
1.8976	0.0504453
1.898	0.050439
1.8984	0.0504327
1.8988	0.0504263
1.8992	0.05042
1.8996	0.0504137
1.9	0.0504074
1.9004	0.0504011
1.9008	0.0503948
1.9012	0.0503885
1.9016	0.0503822
1.902	0.0503759
1.9024	0.0503696
1.9028	0.0503633
1.9032	0.0503571
1.9036	0.0503508
1.904	0.0503445
1.9044	0.0503383
1.9048	0.050332
1.9052	0.0503257
1.9056	0.0503195
1.906	0.0503132
1.9064	0.050307
1.9068	0.0503007
1.9072	0.0502945
1.9076	0.0502882
1.908	0.050282
1.9084	0.0502758
1.9088	0.0502696
1.9092	0.0502634
1.9096	0.0502571
1.91	0.0502509
1.9104	0.0502447
1.9108	0.0502385
1.9112	0.0502323
1.9116	0.0502261
1.912	0.0502199
1.9124	0.0502137
1.9128	0.0502075
1.9132	0.0502013
1.9136	0.0501952
1.914	0.050189
1.9144	0.0501828
1.9148	0.0501766
1.9152	0.0501705
1.9156	0.0501643
1.916	0.0501582
1.9164	0.050152
1.9168	0.0501458
1.9172	0.0501397
1.9176	0.0501335
1.918	0.0501274
1.9184	0.0501213
1.9188	0.0501151
1.9192	0.050109
1.9196	0.0501029
1.92	0.0500967
1.9204	0.0500906
1.9208	0.0500845
1.9212	0.0500784
1.9216	0.0500723
1.922	0.0500662
1.9224	0.0500601
1.9228	0.050054
1.9232	0.0500479
1.9236	0.0500418
1.924	0.0500357
1.9244	0.0500296
1.9248	0.0500236
1.9252	0.0500175
1.9256	0.0500114
1.926	0.0500053
1.9264	0.0499993
1.9268	0.0499932
1.9272	0.0499872
1.9276	0.0499811
1.928	0.0499751
1.9284	0.049969
1.9288	0.049963
1.9292	0.0499569
1.9296	0.0499509
1.93	0.0499448
1.9304	0.0499388
1.9308	0.0499328
1.9312	0.0499268
1.9316	0.0499208
1.932	0.0499147
1.9324	0.0499087
1.9328	0.0499027
1.9332	0.0498967
1.9336	0.0498907
1.934	0.0498847
1.9344	0.0498787
1.9348	0.0498727
1.9352	0.0498667
1.9356	0.0498608
1.936	0.0498548
1.9364	0.0498488
1.9368	0.0498428
1.9372	0.0498369
1.9376	0.0498309
1.938	0.0498249
1.9384	0.049819
1.9388	0.049813
1.9392	0.0498071
1.9396	0.0498011
1.94	0.0497952
1.9404	0.0497892
1.9408	0.0497833
1.9412	0.0497774
1.9416	0.0497714
1.942	0.0497655
1.9424	0.0497596
1.9428	0.0497537
1.9432	0.0497478
1.9436	0.0497418
1.944	0.0497359
1.9444	0.04973
1.9448	0.0497241
1.9452	0.0497182
1.9456	0.0497123
1.946	0.0497064
1.9464	0.0497005
1.9468	0.0496947
1.9472	0.0496888
1.9476	0.0496829
1.948	0.049677
1.9484	0.0496712
1.9488	0.0496653
1.9492	0.0496594
1.9496	0.0496535
1.95	0.0496477
1.9504	0.0496418
1.9508	0.049636
1.9512	0.0496301
1.9516	0.0496243
1.952	0.0496185
1.9524	0.0496126
1.9528	0.0496068
1.9532	0.0496009
1.9536	0.0495951
1.954	0.0495893
1.9544	0.0495835
1.9548	0.0495777
1.9552	0.0495718
1.9556	0.049566
1.956	0.0495602
1.9564	0.0495544
1.9568	0.0495486
1.9572	0.0495428
1.9576	0.049537
1.958	0.0495313
1.9584	0.0495255
1.9588	0.0495197
1.9592	0.0495139
1.9596	0.0495081
1.96	0.0495024
1.9604	0.0494966
1.9608	0.0494908
1.9612	0.0494851
1.9616	0.0494793
1.962	0.0494735
1.9624	0.0494678
1.9628	0.049462
1.9632	0.0494563
1.9636	0.0494506
1.964	0.0494448
1.9644	0.0494391
1.9648	0.0494334
1.9652	0.0494276
1.9656	0.0494219
1.966	0.0494162
1.9664	0.0494105
1.9668	0.0494047
1.9672	0.049399
1.9676	0.0493933
1.968	0.0493876
1.9684	0.0493819
1.9688	0.0493762
1.9692	0.0493705
1.9696	0.0493648
1.97	0.0493591
1.9704	0.0493534
1.9708	0.0493478
1.9712	0.0493421
1.9716	0.0493364
1.972	0.0493307
1.9724	0.0493251
1.9728	0.0493194
1.9732	0.0493137
1.9736	0.0493081
1.974	0.0493024
1.9744	0.0492968
1.9748	0.0492911
1.9752	0.0492855
1.9756	0.0492798
1.976	0.0492742
1.9764	0.0492686
1.9768	0.0492629
1.9772	0.0492573
1.9776	0.0492517
1.978	0.049246
1.9784	0.0492404
1.9788	0.0492348
1.9792	0.0492292
1.9796	0.0492236
1.98	0.049218
1.9804	0.0492124
1.9808	0.0492068
1.9812	0.0492012
1.9816	0.0491956
1.982	0.04919
1.9824	0.0491844
1.9828	0.0491788
1.9832	0.0491732
1.9836	0.0491677
1.984	0.0491621
1.9844	0.0491565
1.9848	0.0491509
1.9852	0.0491454
1.9856	0.0491398
1.986	0.0491343
1.9864	0.0491287
1.9868	0.0491232
1.9872	0.0491176
1.9876	0.0491121
1.988	0.0491065
1.9884	0.049101
1.9888	0.0490954
1.9892	0.0490899
1.9896	0.0490844
1.99	0.0490788
1.9904	0.0490733
1.9908	0.0490678
1.9912	0.0490623
1.9916	0.0490568
1.992	0.0490513
1.9924	0.0490458
1.9928	0.0490402
1.9932	0.0490348
1.9936	0.0490292
1.994	0.0490238
1.9944	0.0490183
1.9948	0.0490128
1.9952	0.0490073
1.9956	0.0490018
1.996	0.0489963
1.9964	0.0489909
1.9968	0.0489854
1.9972	0.0489799
1.9976	0.0489745
1.998	0.048969
1.9984	0.0489635
1.9988	0.0489581
1.9992	0.0489526
1.9996	0.0489472
2	0.0489417
